"cb_jauche_1975" "cb_quints_1985" "cb_tessin_1960" "cw_kindheitsmuster_1976" "cw_medea_1996" "cw_nachdenken_1968" "gg_blechtrommel_1959" "gg_raettin_1986" "gg_schnecke_1972" "hb_clown_1963" "hb_frauen_1975" "hb_gruppenbild_1971" "wk_aussicht_1981" "wk_gold_1972" "wk_gruesse_2003" "wk_heilewelt_1998" "wk_hundstage_1988" "wk_kapitel_1975" "wk_markbein_1991" "wk_tadel_1971" "wk_umsonst_2006" "wk_willkommen_1984" "wk_zeit_1978"
"und so weiter und so" 0.00206062354468462 0 0 0 0 0 0.00197263949026996 0 0 0 0 0 0.000702508658419215 0.00118687318260044 0.00439974305500559 0.00613835860290958 0.00155617802676626 0.00203208664817468 0.00215600879651589 0 0.00548853445153075 0.00517373398729331 0.00355129400275225
"so weiter und so fort" 0 0 0 0 0 0 0 0 0 0 0 0 0.000702508658419215 0.00118687318260044 0.00263984583300335 0.00545631875814185 0.00155617802676626 0.00203208664817468 0.00215600879651589 0 0.00329312067091845 0.00517373398729331 0.00355129400275225
"rättin von der mir träumt" 0 0 0 0 0 0 0 0.0238073737183013 0 0 0 0 0 0 0 0 0 0 0 0 0 0 0
"die rättin von der mir" 0 0 0 0 0 0 0 0.0229864297969806 0 0 0 0 0 0 0 0 0 0 0 0 0 0 0
"es stellte sich heraus daß" 0.00103031177234231 0.00337545146663366 0 0.000665322714782805 0 0.00371112595561493 0 0 0 0 0 0 0 0 0.000879948611001118 0.00272815937907093 0.000778089013383131 0 0.00431201759303178 0 0.00109770689030615 0.00413898718983465 0
"klare sache und damit hopp" 0 0 0 0 0 0 0 0 0 0 0 0 0.000702508658419215 0.00118687318260044 0 0 0 0.00304812997226202 0 0.0122278135728731 0 0.00206949359491732 0
"die hand auf die schulter" 0 0 0 0.00133064542956561 0 0.00371112595561493 0 0 0 0.00543906883141606 0 0.000753863550697324 0 0 0.000879948611001118 0.00204611953430319 0.000778089013383131 0 0 0.000940601044067159 0.0043908275612246 0 0
"die hände auf dem rücken" 0.00618187063405386 0.00112515048887789 0 0.000665322714782805 0 0 0 0 0 0 0 0 0.000702508658419215 0.00237374636520088 0.000879948611001118 0.00204611953430319 0.000778089013383131 0.00203208664817468 0 0 0 0 0.000887823500688063
"wie isses nun bloß möglich" 0 0 0 0 0 0 0 0 0 0 0 0 0 0 0 0 0 0 0 0.0141090156610074 0 0.00206949359491732 0
"mal so und mal so" 0 0 0 0 0 0 0 0.0024628317639622 0 0 0 0 0.000702508658419215 0 0.00263984583300335 0 0.000778089013383131 0.00101604332408734 0 0 0.00109770689030615 0.00310424039237599 0.00266347050206419
"von einem zimmer ins andere" 0 0 0 0 0 0 0 0 0 0 0 0 0.00140501731683843 0.00356061954780132 0 0.00136407968953546 0.00233426704014939 0 0 0 0.00329312067091845 0.00310424039237599 0
"my name is alexander sowtschick" 0 0 0 0 0 0 0 0 0 0 0 0 0 0 0.0131992291650168 0 0 0 0 0 0 0 0
"müsse man sich mal vorstellen" 0 0 0 0 0 0 0 0 0 0 0 0 0 0.0059343659130022 0.000879948611001118 0.000682039844767731 0 0.00101604332408734 0.00215600879651589 0.00282180313220148 0 0.00206949359491732 0
"bis auf den heutigen tag" 0 0 0 0.000665322714782805 0 0.00185556297780747 0 0 0 0 0 0.00753863550697324 0 0 0 0 0 0 0 0 0 0 0
"die hände in den taschen" 0 0 0 0 0 0.00185556297780747 0 0 0 0 0 0 0 0.00118687318260044 0 0 0.000778089013383131 0.00203208664817468 0 0.000940601044067159 0.00548853445153075 0 0.000887823500688063
"er stellte sich vor daß" 0 0 0 0 0 0 0 0 0 0 0 0 0 0 0.000879948611001118 0.000682039844767731 0.00622471210706505 0 0.00431201759303178 0 0 0 0
"ist die schwarze köchin da" 0 0 0 0 0 0 0.00591791847080987 0 0 0 0 0 0 0 0 0 0 0 0 0 0 0 0
"sagte die rättin von der" 0 0 0 0 0 0 0 0.00985132705584882 0 0 0 0 0 0 0 0 0 0 0 0 0 0 0
"was ist das für ein" 0 0.00337545146663366 0 0 0 0 0 0 0 0 0 0.00376931775348662 0 0.00118687318260044 0 0.000682039844767731 0 0 0 0.000940601044067159 0 0 0.000887823500688063
"das müsse man sich mal" 0 0 0 0 0 0 0 0 0 0 0 0 0 0.00474749273040176 0.000879948611001118 0 0 0.00101604332408734 0.00215600879651589 0.00282180313220148 0 0.00103474679745866 0
"ist das ja nun nicht" 0 0 0 0 0 0 0 0 0 0 0 0 0.0049175606089345 0 0 0.000682039844767731 0 0 0 0 0 0.00103474679745866 0.00177564700137613
"mal hierhin und mal dorthin" 0 0 0 0 0 0 0 0 0 0 0 0 0.00281003463367686 0 0.000879948611001118 0.00204611953430319 0.000778089013383131 0 0 0 0 0.00206949359491732 0
"so ist das ja nun" 0 0 0 0 0 0 0 0 0 0 0 0 0.0049175606089345 0 0 0.000682039844767731 0 0 0 0 0 0.00103474679745866 0.00177564700137613
"so weiter und so weiter" 0.00206062354468462 0 0 0 0 0 0.00197263949026996 0 0 0 0 0 0 0 0.00175989722200224 0.000682039844767731 0 0 0 0 0.0021954137806123 0 0
"was wer wie wo tut" 0 0 0 0 0 0 0 0 0 0 0 0 0 0.00237374636520088 0 0 0 0 0 0.00752480835253727 0 0.00103474679745866 0
"das muß man sich mal" 0 0 0 0 0 0 0 0 0 0 0 0 0.000702508658419215 0 0.000879948611001118 0.000682039844767731 0.000778089013383131 0 0.00215600879651589 0 0.0021954137806123 0.00103474679745866 0.00177564700137613
"ich ging in die küche" 0 0 0.00975343320848939 0 0 0 0.000493159872567489 0 0 0.00543906883141606 0 0 0 0 0 0 0 0 0 0 0 0 0
"links und mal nach rechts" 0 0 0 0 0 0 0 0 0 0 0 0 0.000702508658419215 0 0.000879948611001118 0.00136407968953546 0 0.00101604332408734 0 0 0.00109770689030615 0.00206949359491732 0.00177564700137613
"mal nach links und mal" 0 0 0 0 0 0 0 0 0 0 0 0 0.000702508658419215 0 0.000879948611001118 0.00136407968953546 0 0.00101604332408734 0 0 0.00109770689030615 0.00206949359491732 0.00177564700137613
"nach links und mal nach" 0 0 0 0 0 0 0 0 0 0 0 0 0.000702508658419215 0 0.000879948611001118 0.00136407968953546 0 0.00101604332408734 0 0 0.00109770689030615 0.00206949359491732 0.00177564700137613
"und er stellte sich vor" 0 0 0 0 0 0 0 0 0 0 0 0 0 0 0.000879948611001118 0 0.00466853408029879 0 0.00646802638954767 0 0 0 0
"und es stellte sich heraus" 0 0 0 0 0 0 0 0 0 0 0 0 0 0 0.000879948611001118 0.000682039844767731 0.000778089013383131 0 0.00431201759303178 0 0.00109770689030615 0.00413898718983465 0
"das ja nun nicht daß" 0 0 0 0 0 0 0 0 0 0 0 0 0.00140501731683843 0 0 0.000682039844767731 0.000778089013383131 0 0 0 0 0.00310424039237599 0.00177564700137613
"de düwel in de föör" 0 0 0 0 0 0 0 0 0 0 0 0 0 0 0 0 0.00700280112044818 0 0 0 0 0 0
"den lieben gott einen guten" 0 0 0 0 0 0 0 0 0 0 0 0 0.000702508658419215 0.00118687318260044 0.000879948611001118 0 0.000778089013383131 0.00101604332408734 0 0.00188120208813432 0.0021954137806123 0 0
"geht s wie steht s" 0 0 0 0 0 0 0 0 0 0 0 0 0 0.00118687318260044 0.000879948611001118 0 0.00155617802676626 0 0 0 0.00109770689030615 0.00103474679745866 0.00266347050206419
"gott einen guten mann sein" 0 0 0 0 0 0 0 0 0 0 0 0 0.000702508658419215 0.00118687318260044 0.000879948611001118 0 0.000778089013383131 0.00101604332408734 0 0.00188120208813432 0.0021954137806123 0 0
"hätte nicht viel gefehlt und" 0 0 0 0 0 0 0 0 0 0 0 0 0 0 0.00175989722200224 0.00136407968953546 0.000778089013383131 0.00203208664817468 0 0 0.0021954137806123 0 0
"ich war drauf und dran" 0 0 0.00390137328339576 0 0 0 0 0 0 0.00679883603927008 0 0.00150772710139465 0 0 0 0 0 0 0 0 0 0 0
"im zimmer auf und ab" 0 0 0.00585205992509363 0 0 0 0 0 0 0 0 0 0.00140501731683843 0.00118687318260044 0.000879948611001118 0 0 0 0 0 0.00109770689030615 0.00103474679745866 0
"koste es was es wolle" 0 0 0 0.000665322714782805 0 0 0.000493159872567489 0 0 0 0 0 0 0 0.000879948611001118 0.00136407968953546 0.000778089013383131 0 0 0.000940601044067159 0 0 0.00177564700137613
"lieben gott einen guten mann" 0 0 0 0 0 0 0 0 0 0 0 0 0.000702508658419215 0.00118687318260044 0.000879948611001118 0 0.000778089013383131 0.00101604332408734 0 0.00188120208813432 0.0021954137806123 0 0
"mit allem drum und dran" 0 0 0 0 0 0 0.000493159872567489 0.00164188784264147 0 0 0 0.000753863550697324 0 0 0 0.000682039844767731 0.000778089013383131 0 0 0 0.00109770689030615 0.00103474679745866 0.000887823500688063
"mit kranz um den kopf" 0 0 0 0 0 0 0 0 0 0 0 0 0 0 0.000879948611001118 0.00136407968953546 0.00311235605353252 0 0 0 0.0021954137806123 0 0
"ohne h aber mit ck" 0 0 0 0 0 0 0 0 0 0 0 0 0 0 0 0.00613835860290958 0 0 0 0 0 0 0
"sanft ruhn alle die toten" 0 0 0 0 0 0 0 0 0 0 0 0 0.000702508658419215 0.00118687318260044 0 0 0 0 0 0.00470300522033579 0 0.00103474679745866 0.000887823500688063
"so sanft ruhn alle die" 0 0 0 0 0 0 0 0 0 0 0 0 0.000702508658419215 0.00118687318260044 0 0 0 0 0 0.00470300522033579 0 0.00103474679745866 0.000887823500688063
"so tun als ob man" 0 0 0 0 0 0 0 0 0 0 0 0 0.00140501731683843 0.00118687318260044 0 0 0.000778089013383131 0.00203208664817468 0 0.00188120208813432 0 0.00103474679745866 0
"und es war klar daß" 0 0 0 0 0 0 0 0 0 0 0 0 0 0 0 0.00272815937907093 0.000778089013383131 0 0.00215600879651589 0 0 0.00310424039237599 0
"was ist das für eine" 0.00103031177234231 0.00112515048887789 0.00390137328339576 0 0 0 0 0 0 0 0.00352205688121863 0.00150772710139465 0 0.00118687318260044 0 0 0 0 0 0 0 0 0
"was nützt das schlechte leben" 0 0 0 0 0 0 0 0 0 0 0 0 0 0.00237374636520088 0 0 0 0 0 0.00282180313220148 0.00109770689030615 0.00206949359491732 0.000887823500688063
"weiß es noch wie heute" 0 0 0 0 0 0 0 0 0 0 0 0 0.00140501731683843 0.00118687318260044 0 0 0 0 0 0.00188120208813432 0 0.00206949359491732 0.00177564700137613
"wie geht s wie steht" 0 0 0 0 0 0 0 0 0 0 0 0 0 0.00118687318260044 0.000879948611001118 0 0.00155617802676626 0 0 0 0.00109770689030615 0.00103474679745866 0.00266347050206419
"alljährlich naht vom himmel eine" 0 0 0 0 0 0 0 0 0 0 0 0 0.00140501731683843 0 0 0 0 0 0 0.00282180313220148 0 0 0.00266347050206419
"aus was für gründen auch" 0 0 0 0 0 0 0 0 0 0 0 0 0.00140501731683843 0 0.000879948611001118 0.000682039844767731 0.000778089013383131 0 0 0.000940601044067159 0 0 0.00177564700137613
"buch zu ich kann s" 0 0 0 0 0 0 0 0 0 0 0 0 0 0.00118687318260044 0 0 0 0.00203208664817468 0 0.00470300522033579 0 0 0
"das eine oder das andere" 0 0 0 0 0 0 0 0 0 0 0 0 0 0 0.000879948611001118 0 0 0.00203208664817468 0 0.000940601044067159 0.0043908275612246 0 0
"das ist natürlich wieder alles" 0 0 0 0 0 0 0 0 0 0 0 0 0.000702508658419215 0.00356061954780132 0 0 0 0.00101604332408734 0 0.00282180313220148 0 0 0
"das konnte nicht geduldet werden" 0 0 0 0 0 0 0 0 0 0 0 0 0 0.00118687318260044 0.000879948611001118 0.000682039844767731 0 0.00101604332408734 0 0 0.0021954137806123 0.00206949359491732 0
"den finger auf die lippen" 0 0.00112515048887789 0 0 0 0 0 0 0 0 0 0 0 0.00118687318260044 0.000879948611001118 0.00136407968953546 0 0 0 0 0.0021954137806123 0.00103474679745866 0
"die tränen in die augen" 0 0 0 0.00199596814434842 0 0 0 0 0 0 0 0 0 0 0 0 0 0.00101604332408734 0 0 0 0.00103474679745866 0.00266347050206419
"die welt ist ein dorf" 0 0 0 0 0 0 0 0 0 0 0 0 0 0 0.00263984583300335 0.00136407968953546 0 0 0 0 0.0021954137806123 0.00103474679745866 0
"es war die frage ob" 0 0 0 0 0 0 0 0 0 0 0 0 0 0.00237374636520088 0.00263984583300335 0 0 0 0.00215600879651589 0 0.0021954137806123 0 0
"gold gab ich für eisen" 0 0 0 0 0 0 0 0 0 0 0 0 0.00281003463367686 0 0 0 0 0 0 0.000940601044067159 0 0 0.00266347050206419
"ich weiß bis heute nicht" 0 0 0 0 0 0 0 0 0 0.00679883603927008 0.00176102844060932 0.00150772710139465 0 0 0 0 0 0 0 0 0 0 0
"ist natürlich wieder alles falsch" 0 0 0 0 0 0 0 0 0 0 0 0 0.000702508658419215 0.00356061954780132 0 0 0 0.00101604332408734 0 0.00282180313220148 0 0 0
"kein nichts kein gar nichts" 0 0 0 0 0 0 0 0 0 0 0 0 0 0.00474749273040176 0 0 0 0.00101604332408734 0 0.000940601044067159 0.0021954137806123 0 0
"naht vom himmel eine taube" 0 0 0 0 0 0 0 0 0 0 0 0 0.00140501731683843 0 0 0 0 0 0 0.00282180313220148 0 0 0.00266347050206419
"nicht viel gefehlt und er" 0 0 0 0 0 0 0 0 0 0 0 0 0 0.00118687318260044 0.000879948611001118 0.00136407968953546 0.000778089013383131 0.00101604332408734 0 0 0.0021954137806123 0 0
"oh sie wüßt es noch" 0 0 0 0 0 0 0 0 0 0 0 0 0 0.00118687318260044 0 0 0 0 0 0.00564360626440295 0 0.00103474679745866 0
"sie so sanft ruhn alle" 0 0 0 0 0 0 0 0 0 0 0 0 0.000702508658419215 0.00118687318260044 0 0 0 0 0 0.00376240417626864 0 0.00103474679745866 0.000887823500688063
"und er nahm sich vor" 0 0 0 0 0 0 0 0 0 0 0 0 0 0 0.00175989722200224 0 0.00155617802676626 0 0.00862403518606356 0 0 0 0
"was für gründen auch immer" 0 0 0 0 0 0 0 0 0 0 0 0 0.00140501731683843 0 0.000879948611001118 0.000682039844767731 0.000778089013383131 0 0 0.000940601044067159 0 0 0.00177564700137613
"was hatte man alles erlebt" 0 0 0 0 0 0 0 0 0 0 0 0 0 0.00237374636520088 0 0.000682039844767731 0 0 0 0.00188120208813432 0 0.00310424039237599 0
"was ist denn das für" 0 0 0 0 0 0 0 0 0 0 0 0 0.000702508658419215 0 0.00175989722200224 0.00136407968953546 0 0 0 0 0 0 0.00266347050206419
"weiß wozu s gut ist" 0 0 0 0 0 0 0 0 0 0 0 0 0 0.0059343659130022 0 0 0 0.00101604332408734 0 0 0 0.00103474679745866 0.000887823500688063
"wer weiß wozu s gut" 0 0 0 0 0 0 0 0 0 0 0 0 0 0.0059343659130022 0 0 0 0.00101604332408734 0 0 0 0.00103474679745866 0.000887823500688063
"wie sie so sanft ruhn" 0 0 0 0 0 0 0 0 0 0 0 0 0.000702508658419215 0.00118687318260044 0 0 0 0 0 0.00376240417626864 0 0.00103474679745866 0.000887823500688063
"zu ich kann s so" 0 0 0 0 0 0 0 0 0 0 0 0 0 0.00118687318260044 0 0 0 0.00203208664817468 0 0.00470300522033579 0 0 0
"an den flügel und spielt" 0 0 0 0 0 0 0 0 0 0 0.00352205688121863 0 0.00281003463367686 0 0 0 0 0 0 0 0 0 0.000887823500688063
"beide maschinen volle kraft voraus" 0 0 0 0 0 0 0 0 0 0 0 0 0.000702508658419215 0.00237374636520088 0 0 0 0.00101604332408734 0 0.00282180313220148 0 0 0
"das nahm er sich vor" 0 0 0 0 0 0 0 0 0 0 0 0 0 0 0.000879948611001118 0.000682039844767731 0.00311235605353252 0 0.00215600879651589 0 0 0 0
"das waren noch zeiten gewesen" 0 0 0 0 0 0 0 0 0 0 0 0 0.000702508658419215 0 0 0 0 0.00101604332408734 0 0.000940601044067159 0.0021954137806123 0.00206949359491732 0
"den kopf in die hand" 0 0.00112515048887789 0 0 0 0 0 0 0 0 0 0 0 0.00118687318260044 0 0.00136407968953546 0.00155617802676626 0 0 0 0 0 0.000887823500688063
"der regent dirigent das regent" 0 0 0 0 0 0 0 0 0 0 0 0 0.000702508658419215 0 0 0 0 0 0 0 0 0 0.00532694100412838
"dir in den himmel hinein" 0.00206062354468462 0 0 0 0 0.00185556297780747 0 0 0 0 0 0 0.000702508658419215 0.00118687318260044 0 0.000682039844767731 0 0.00101604332408734 0 0 0 0 0
"du mir so ich dir" 0 0 0 0 0 0 0 0 0 0 0 0 0.000702508658419215 0.00237374636520088 0 0 0 0 0 0.00376240417626864 0 0 0
"einen guten mann sein lassen" 0 0 0 0 0 0 0 0 0 0 0 0 0 0.00118687318260044 0.000879948611001118 0 0.000778089013383131 0.00101604332408734 0 0.00188120208813432 0.00109770689030615 0 0
"es dauerte eine weile bis" 0 0 0 0 0 0 0 0 0 0 0 0 0 0 0 0.00136407968953546 0.000778089013383131 0 0 0 0.0043908275612246 0 0
"es stellt sich heraus daß" 0.00515155886171155 0 0 0.00133064542956561 0 0 0 0 0 0 0 0 0 0 0 0 0 0 0 0 0 0 0
"es war einmal ein musiker" 0 0 0 0 0 0 0.00345211910797242 0 0 0 0 0 0 0 0 0 0 0 0 0 0 0 0
"gar nicht mal so schlecht" 0 0 0 0 0 0 0 0 0 0 0 0 0.00210752597525764 0 0 0.000682039844767731 0 0.00101604332408734 0 0 0 0.00103474679745866 0.000887823500688063
"gar nicht so einfach ist" 0 0 0 0 0 0 0 0 0 0 0 0 0.00281003463367686 0 0.000879948611001118 0.000682039844767731 0 0 0.00215600879651589 0 0 0 0
"herren von der waffen ss" 0 0 0 0 0 0 0 0 0 0 0 0 0 0 0 0 0 0 0 0 0 0.00724322758221063 0
"hier ganz in der nähe" 0 0 0 0 0 0 0 0 0 0 0 0 0.00140501731683843 0 0.00175989722200224 0.000682039844767731 0 0 0 0 0.00109770689030615 0.00103474679745866 0
"ich bin doch kein unmensch" 0 0 0 0 0 0 0 0 0 0 0 0.00527704485488127 0 0 0 0 0 0 0 0 0 0 0
"ich oder soll ich nicht" 0 0 0 0 0 0 0.00197263949026996 0 0 0 0.00352205688121863 0 0 0 0 0.000682039844767731 0 0 0 0 0 0 0
"ich tanze mit dir in" 0.00206062354468462 0 0 0 0 0.00185556297780747 0 0 0 0 0 0 0.000702508658419215 0.00118687318260044 0 0.000682039844767731 0 0.00101604332408734 0 0 0 0 0
"ich weiß es noch wie" 0 0 0 0 0 0 0 0 0 0 0 0 0 0.00118687318260044 0 0 0 0 0 0.00282180313220148 0 0.00206949359491732 0.000887823500688063
"ich weiß nicht ob sie" 0 0 0.00195068664169788 0 0 0.00185556297780747 0.00147947961770247 0 0 0 0 0.000753863550697324 0 0 0 0 0 0 0 0.000940601044067159 0 0 0
