"cb_jauche_1975" "cb_quints_1985" "cb_tessin_1960" "cw_kindheitsmuster_1976" "cw_medea_1996" "cw_nachdenken_1968" "gg_blechtrommel_1959" "gg_raettin_1986" "gg_schnecke_1972" "hb_clown_1963" "hb_frauen_1975" "hb_gruppenbild_1971" "wk_aussicht_1981" "wk_gold_1972" "wk_gruesse_2003" "wk_heilewelt_1998" "wk_hundstage_1988" "wk_kapitel_1975" "wk_markbein_1991" "wk_tadel_1971" "wk_umsonst_2006" "wk_willkommen_1984" "wk_zeit_1978"
"in der hand" 0.00721203379352978 0.012376376871927 0.0234073264931924 0.00864908020358604 0.00402584593087623 0.0129884588265855 0.00345208505937586 0.00328372177025441 0 0.0135973022952246 0.017609664183704 0.0105539305852908 0.0238849587984461 0.0142421401189219 0.0237581943772273 0.0184148246158463 0.0225642302485178 0.00812818142100932 0.0258709899965505 0.0178710836460773 0.0252467042074181 0.0206945076776623 0.0195317701998455
"sagte meine mutter" 0.00103029054193283 0.00112512517017518 0 0 0 0 0 0 0 0.00407919068856739 0 0 0 0.0795186156639804 0 0 0 0 0 0.140146919119238 0 0.0144861553743636 0.000887807736356615
"in der küche" 0.0185452297547909 0.00562562585087591 0.0175554948698943 0.00332656930907155 0.00201292296543811 0.00371098823616729 0.00739732512723399 0 0.00138523341182989 0.035352985967584 0.0035219328367408 0.00226155655399089 0.0147524745519814 0.00949476007928125 0.00527959875049496 0.0129585802852252 0.0140053842921834 0.00508011338813082 0.00646774749913763 0.00658408344855479 0.0274420697906719 0.00827780307106494 0.0106536928362794
"hin und wieder" 0.0041211621677313 0.0146266272122774 0 0.00532251089451449 0.00201292296543811 0.00185549411808365 0 0 0 0.0190362232133145 0.00704386567348161 0.0610620269577541 0.00561999030551672 0.00474738003964062 0.00967926437590743 0.00477421378929348 0.00466846143072781 0.00914420409863548 0.00646774749913763 0.00658408344855479 0.008781462333015 0.00724307768718182 0.00799026962720953
"und so weiter" 0.0041211621677313 0 0 0.00731845247995742 0.00201292296543811 0.00185549411808365 0.00493155008482266 0.00574651309794521 0 0.00815838137713478 0.0017609664183704 0.0128154871392817 0.00632248909370631 0.00712107005946093 0.0167187293765674 0.0259171605704503 0.015561538102426 0.00609613606575699 0.00862366333218351 0.00658408344855479 0.01756292466603 0.0134514299904805 0.00799026962720953
"und in der" 0.00927261487739543 0.00337537551052555 0.00390122108219873 0.00532251089451449 0.00402584593087623 0.00371098823616729 0.00542470509330493 0.00410465221281801 0.00692616705914947 0.00407919068856739 0.0035219328367408 0.00829237403129994 0.00491749151732713 0.00593422504955078 0.0105591975009899 0.017050763533191 0.015561538102426 0.012192272131514 0.00646774749913763 0.00470291674896771 0.01756292466603 0.0155208807582468 0.0124293083089926
"ab und zu" 0.00103029054193283 0 0 0 0 0 0.00345208505937586 0.00328372177025441 0.00138523341182989 0.00135973022952246 0 0 0.0168599709165502 0.0178026751486523 0.0158387962514849 0.0163687329918634 0.0108930766716982 0.0162563628420186 0.00646774749913763 0.00752466679834834 0.0109768279162688 0.0382848392036753 0.011541500572636
"hin und her" 0.00309087162579848 0.00450050068070073 0.00780244216439746 0.00731845247995742 0.0120775377926287 0.00742197647233458 0.00345208505937586 0.00574651309794521 0 0.00951811160665724 0.00528289925511121 0.00226155655399089 0.011942479399223 0.00593422504955078 0.0149588631264024 0.0129585802852252 0.00933692286145563 0.00609613606575699 0.0129354949982753 0.00752466679834834 0.01756292466603 0.00413890153553247 0.0177561547271323
"ich weiß nicht" 0 0.00675075102105109 0.0253579370342917 0.000665313861814311 0.0201292296543811 0.0222659294170037 0.014794650254468 0.00410465221281801 0.00831140047097936 0.017676492983792 0.0369802947857784 0.00904622621596357 0.00210749636456877 0.00593422504955078 0 0.00136406108265528 0.000778076905121302 0.0111762494538878 0.00215591583304588 0.00564350009876125 0 0.00206945076776623 0.00799026962720953
"gar nicht so" 0 0.00112512517017518 0.0156048843287949 0.00199594158544293 0 0 0.00197262003392906 0.0024627913276908 0.00138523341182989 0.00543892091808985 0.0140877313469632 0.0105539305852908 0.0161574721283606 0.00830791506937109 0.00879933125082494 0.0109124886612422 0.00933692286145563 0.00711215874338315 0.00646774749913763 0.00940583349793542 0.0120745107078956 0.0062083523032987 0.0133171160453492
"auf der straße" 0.00103029054193283 0.00225025034035036 0.00390122108219873 0.0059878247563288 0.00201292296543811 0 0.00345208505937586 0 0.00138523341182989 0.00543892091808985 0.0105657985102224 0.00753852184663631 0.015454973340171 0.0118684500991016 0.0114391306260724 0.00477421378929348 0.00389038452560651 0.00508011338813082 0.00431183166609176 0.0150493335966967 0.0186606074576569 0.0144861553743636 0.00799026962720953
"an der wand" 0 0.00562562585087591 0 0.00199594158544293 0 0 0.00197262003392906 0.0024627913276908 0 0.00271946045904493 0.0035219328367408 0.00376926092331816 0.00983498303465427 0.015428985128832 0.0123190637511549 0.0150046719092081 0.00933692286145563 0.00711215874338315 0.0150914108313211 0.00752466679834834 0.0241490214157913 0.0113819792227143 0.00355123094542646
"daß er sich" 0.00515145270966413 0.00337537551052555 0.00585183162329809 0.00332656930907155 0.00603876889631434 0.00742197647233458 0.0029589300508936 0.00328372177025441 0.00138523341182989 0.00271946045904493 0.00528289925511121 0.00452311310798179 0.011942479399223 0.00118684500991016 0.0184785956267324 0.0109124886612422 0.0147834611973047 0.00914420409863548 0.0150914108313211 0.000940583349793542 0.008781462333015 0.00413890153553247 0.00799026962720953
"links und rechts" 0 0.00112512517017518 0 0.000665313861814311 0 0.00371098823616729 0.00739732512723399 0.0024627913276908 0.00138523341182989 0.00135973022952246 0.0035219328367408 0.000753852184663631 0.0140499757637918 0.00356053502973047 0.00791939812574244 0.0150046719092081 0.0171176919126686 0.00406409071050466 0.0150914108313211 0.00376233339917417 0.0120745107078956 0.0165556061421299 0.0106536928362794
"sagte er und" 0.00206058108386565 0.00225025034035036 0 0.000665313861814311 0.00402584593087623 0 0.00197262003392906 0.000820930442563602 0.00138523341182989 0.0108778418361797 0 0.000753852184663631 0 0.0189895201585625 0.0184785956267324 0.0122765497438975 0.0264546147741243 0.0101602267762616 0.00646774749913763 0.00564350009876125 0.0208559730409106 0.00724307768718182 0
"auf und ab" 0.0041211621677313 0.00112512517017518 0.0136542737876955 0.000665313861814311 0.00201292296543811 0 0.00246577504241133 0.00903023486819962 0.00554093364731957 0.00407919068856739 0 0 0.00632248909370631 0.00474738003964062 0.00527959875049496 0.00750233595460405 0.0132273073870621 0.0264165896182803 0.00431183166609176 0.00940583349793542 0.0109768279162688 0.00827780307106494 0.00799026962720953
"daß sie sich" 0.0041211621677313 0.00675075102105109 0.00390122108219873 0.0166328465453578 0.00805169186175245 0.0296879058893383 0.0044383950763404 0.0016418608851272 0.00138523341182989 0.00543892091808985 0.0017609664183704 0.00376926092331816 0.00772748667008549 0.00118684500991016 0.00439966562541247 0.00750233595460405 0.00933692286145563 0.00304806803287849 0.00862366333218351 0 0.00658609674976125 0.00827780307106494 0.00710246189085292
"aus dem fenster" 0.00206058108386565 0.00337537551052555 0.00390122108219873 0.00332656930907155 0 0.00185549411808365 0.0014794650254468 0.0016418608851272 0.00138523341182989 0.00135973022952246 0 0 0.0161574721283606 0.00712107005946093 0.00879933125082494 0.0150046719092081 0.00389038452560651 0.00508011338813082 0.0107795791652294 0.0169305002962838 0.0131721934995225 0.00931252845494806 0.0106536928362794
"das ist ja" 0.00103029054193283 0.00225025034035036 0.00195061054109936 0.00332656930907155 0 0.00185549411808365 0 0.0016418608851272 0 0.00135973022952246 0.0017609664183704 0.00226155655399089 0.0266949539512044 0.0166158301387422 0.00351973250032997 0.00272812216531056 0.00311230762048521 0.00812818142100932 0 0.00752466679834834 0.00987914512464188 0.00724307768718182 0.0301854630361249
"und das war" 0.00103029054193283 0 0.00585183162329809 0.00133062772362862 0 0.00371098823616729 0 0 0 0.00135973022952246 0.0035219328367408 0.00980007840062721 0.00070249878818959 0.00356053502973047 0.0105591975009899 0.0150046719092081 0.0124492304819408 0.00914420409863548 0.0150914108313211 0.00282175004938063 0.00987914512464188 0.0393195645875585 0.00177561547271323
"unser herr matzerath" 0 0 0 0 0 0 0 0.118213983729159 0 0 0 0 0 0 0 0 0 0 0 0 0 0 0
"auf den tisch" 0.00927261487739543 0.00337537551052555 0.0117036632465962 0.00465719703270018 0 0 0.00246577504241133 0.00328372177025441 0.00138523341182989 0.0122375720657022 0.0017609664183704 0.00226155655399089 0.00842998545827508 0.00474738003964062 0.00615953187557746 0.0143226413678805 0.00933692286145563 0.00406409071050466 0.00862366333218351 0.00846525014814188 0.00987914512464188 0.00931252845494806 0.00355123094542646
"das war ja" 0.00103029054193283 0 0.00390122108219873 0 0.00402584593087623 0.00371098823616729 0 0 0 0 0 0.00452311310798179 0.00491749151732713 0.0178026751486523 0.0105591975009899 0.0190968551571739 0.00778076905121302 0.0193044308748971 0.00646774749913763 0.012227583547316 0.0142698762911494 0.00517362691941559 0.00443903868178307
"in der nacht" 0.00309087162579848 0.00225025034035036 0.00195061054109936 0.00931439406540035 0.00603876889631434 0.00556648235425094 0.000493155008482266 0.0024627913276908 0.00138523341182989 0.00407919068856739 0.0017609664183704 0.00452311310798179 0.00561999030551672 0.00356053502973047 0.00879933125082494 0.00886639703725933 0.0101149997665769 0.00914420409863548 0.00646774749913763 0.00846525014814188 0.0252467042074181 0.00310417615164935 0.00710246189085292
"in die küche" 0.0082423243354626 0.00225025034035036 0.0253579370342917 0.00266125544725724 0 0.00556648235425094 0.00345208505937586 0.000820930442563602 0 0.0312737952790166 0.0035219328367408 0 0.00491749151732713 0.00593422504955078 0.00527959875049496 0.0129585802852252 0.0101149997665769 0.00101602267762616 0.00215591583304588 0.00282175004938063 0.00768377954138813 0.00310417615164935 0.00976588509992276
"auf dem tisch" 0.00103029054193283 0 0.00195061054109936 0.00133062772362862 0 0.00185549411808365 0.00246577504241133 0.0016418608851272 0.00138523341182989 0.00951811160665724 0.0017609664183704 0.00150770436932726 0.00983498303465427 0.00593422504955078 0.00263979937524748 0.0143226413678805 0.00933692286145563 0.00406409071050466 0.0150914108313211 0.00658408344855479 0.0230513386241644 0.0134514299904805 0.0062146541544963
"die sache mit" 0.00103029054193283 0 0.00585183162329809 0.00133062772362862 0.00201292296543811 0 0 0 0.00138523341182989 0.00135973022952246 0.0035219328367408 0.00226155655399089 0.0112399806110334 0.00356053502973047 0.00351973250032997 0.0129585802852252 0.0233423071536391 0.00711215874338315 0.00431183166609176 0.00282175004938063 0.00658609674976125 0.0237986838293117 0.00355123094542646
"in der mitte" 0.00618174325159695 0.00112512517017518 0.00195061054109936 0.00399188317088587 0.00201292296543811 0.00185549411808365 0.00789048013571626 0.00328372177025441 0.00277046682365979 0.00407919068856739 0 0.00150770436932726 0.00561999030551672 0.0106816050891914 0.00615953187557746 0.0034101527066382 0.00233423071536391 0.0152403401643925 0.00431183166609176 0.00940583349793542 0.00768377954138813 0.00931252845494806 0.011541500572636
"ja gar nicht" 0 0 0.00585183162329809 0.000665313861814311 0 0 0 0 0 0.00815838137713478 0.0017609664183704 0.00150770436932726 0.00491749151732713 0.0237369001982031 0.00351973250032997 0.00545624433062112 0.00389038452560651 0.0172723855196448 0.00431183166609176 0.0272769171440127 0.00768377954138813 0.0103472538388312 0.00799026962720953
"in die hand" 0.00206058108386565 0.0101261265315766 0.00780244216439746 0.00332656930907155 0.00603876889631434 0.00742197647233458 0.00197262003392906 0 0 0.00407919068856739 0.00528289925511121 0.00678466966197268 0.00210749636456877 0.00593422504955078 0.00703946500065995 0.0102304581199146 0.0108930766716982 0.00406409071050466 0.0150914108313211 0.00188116669958708 0.0120745107078956 0.0062083523032987 0.00799026962720953
"in der nähe" 0.0123634865031939 0.00900100136140146 0.00585183162329809 0.0059878247563288 0.00402584593087623 0 0.00838363514419853 0 0.00415570023548968 0.00951811160665724 0 0.00904622621596357 0.00491749151732713 0.00118684500991016 0.00879933125082494 0.00545624433062112 0.00622461524097042 0.00609613606575699 0.00215591583304588 0.00658408344855479 0.00109768279162688 0.00206945076776623 0.00355123094542646
"am nächsten tag" 0.00309087162579848 0 0.00780244216439746 0.00665313861814311 0 0.00927747059041823 0.0029589300508936 0 0.00415570023548968 0.00135973022952246 0.0017609664183704 0.000753852184663631 0.00351249394094795 0.0106816050891914 0.00615953187557746 0.00750233595460405 0.00466846143072781 0.012192272131514 0.00215591583304588 0.00752466679834834 0.008781462333015 0.0113819792227143 0.0106536928362794
"sich in den" 0.0082423243354626 0.0101261265315766 0.00195061054109936 0.00931439406540035 0.00402584593087623 0.00371098823616729 0.0014794650254468 0.00410465221281801 0.00138523341182989 0.00135973022952246 0.0017609664183704 0.00150770436932726 0.00421499272913754 0.00356053502973047 0.00703946500065995 0.00886639703725933 0.00855884595633432 0.00203204535525233 0.0129354949982753 0.00564350009876125 0.0109768279162688 0.00310417615164935 0.0062146541544963
"am nächsten morgen" 0.0041211621677313 0.0112512517017518 0.0136542737876955 0.00532251089451449 0 0.00556648235425094 0.000493155008482266 0.000820930442563602 0 0.00271946045904493 0 0 0.00491749151732713 0.00237369001982031 0.0123190637511549 0.00613827487194877 0.00544653833584911 0.00609613606575699 0.00646774749913763 0.00470291674896771 0.0120745107078956 0.0103472538388312 0.0106536928362794
"in diesem augenblick" 0.0041211621677313 0.00787587619122627 0.00585183162329809 0.00332656930907155 0 0.00556648235425094 0 0 0 0.00407919068856739 0.0035219328367408 0.00603081747730905 0.00280999515275836 0 0.00791939812574244 0.00954842757858697 0.0178957688177899 0.00304806803287849 0.0129354949982753 0.00188116669958708 0.0120745107078956 0.00724307768718182 0.0062146541544963
"und daß er" 0.00103029054193283 0.00112512517017518 0.00585183162329809 0.00399188317088587 0 0.00185549411808365 0.000493155008482266 0 0 0 0 0.00226155655399089 0.0133474769756022 0.00118684500991016 0.0175986625016499 0.00954842757858697 0.0108930766716982 0.00304806803287849 0.0129354949982753 0.000940583349793542 0.00548841395813438 0.00413890153553247 0.0159805392544191
"vor sich hin" 0.00309087162579848 0.00112512517017518 0.00585183162329809 0.00266125544725724 0 0 0.0029589300508936 0 0.00415570023548968 0.0122375720657022 0.0017609664183704 0.00452311310798179 0.00632248909370631 0.00474738003964062 0.00527959875049496 0.00886639703725933 0.0116711535768195 0.00711215874338315 0.00862366333218351 0.00846525014814188 0.00219536558325375 0.00413890153553247 0.0106536928362794
"auf dem kopf" 0.00103029054193283 0.00112512517017518 0 0.000665313861814311 0.00201292296543811 0 0.0014794650254468 0 0 0.00135973022952246 0 0.000753852184663631 0.0112399806110334 0.00474738003964062 0.00967926437590743 0.00750233595460405 0.00700269214609172 0.00304806803287849 0.0107795791652294 0.00940583349793542 0.0109768279162688 0.00724307768718182 0.0186439624634889
"sich an den" 0.00618174325159695 0.00562562585087591 0.00585183162329809 0.00199594158544293 0.00402584593087623 0.00371098823616729 0.00197262003392906 0.0016418608851272 0.00138523341182989 0 0.00704386567348161 0 0.00842998545827508 0.00356053502973047 0.00879933125082494 0.00477421378929348 0.0124492304819408 0.00609613606575699 0.00646774749913763 0.00564350009876125 0.0109768279162688 0.00310417615164935 0.00532684641813969
"sich auf die" 0.00206058108386565 0.00562562585087591 0.00195061054109936 0.00465719703270018 0.00402584593087623 0.00185549411808365 0.00246577504241133 0.00328372177025441 0.00138523341182989 0.00271946045904493 0.0035219328367408 0.00376926092331816 0.00351249394094795 0.00712107005946093 0.00351973250032997 0.00954842757858697 0.00778076905121302 0.00304806803287849 0.017247326664367 0.00282175004938063 0.008781462333015 0.00310417615164935 0.00887807736356615
"und auf dem" 0.00515145270966413 0.00225025034035036 0.00195061054109936 0.00399188317088587 0 0.00185549411808365 0.00246577504241133 0.0024627913276908 0.00415570023548968 0.00135973022952246 0.0035219328367408 0 0.00842998545827508 0.00593422504955078 0.00967926437590743 0.00613827487194877 0.00700269214609172 0.00203204535525233 0.00646774749913763 0.00846525014814188 0.00658609674976125 0.00724307768718182 0.00710246189085292
"sie in der" 0.00515145270966413 0.00225025034035036 0.00585183162329809 0.00199594158544293 0.00603876889631434 0.0148439529446692 0.00394524006785813 0.00410465221281801 0.00277046682365979 0.00679865114761231 0.0035219328367408 0.00226155655399089 0.00070249878818959 0.00237369001982031 0.00439966562541247 0.00477421378929348 0.00622461524097042 0.00101602267762616 0.00862366333218351 0.00470291674896771 0.0164652418744031 0.00413890153553247 0.00710246189085292
"sie sich nicht" 0.00515145270966413 0.00337537551052555 0.00390122108219873 0.00931439406540035 0.00603876889631434 0.0148439529446692 0.0014794650254468 0 0.00138523341182989 0.00951811160665724 0.0035219328367408 0.00452311310798179 0.00491749151732713 0.00118684500991016 0.00791939812574244 0.00886639703725933 0.00389038452560651 0.00203204535525233 0.00431183166609176 0.000940583349793542 0.00658609674976125 0.00310417615164935 0.00532684641813969
"und wenn sie" 0 0.00225025034035036 0.00195061054109936 0.00665313861814311 0 0.00742197647233458 0.0029589300508936 0.000820930442563602 0 0.0149570325247471 0.0140877313469632 0.0105539305852908 0.00491749151732713 0.00712107005946093 0.000879933125082494 0.00204609162398292 0.00389038452560651 0.00609613606575699 0 0.00282175004938063 0.00219536558325375 0.00724307768718182 0.0106536928362794
"nach dem krieg" 0.00206058108386565 0.00337537551052555 0 0.00532251089451449 0 0.00185549411808365 0.00246577504241133 0.0016418608851272 0.00277046682365979 0.00407919068856739 0.00704386567348161 0.00678466966197268 0.00070249878818959 0.00474738003964062 0.00527959875049496 0.0129585802852252 0.0015561538102426 0.00101602267762616 0.0107795791652294 0.00282175004938063 0.0120745107078956 0.0113819792227143 0.00532684641813969
"und es war" 0 0.00112512517017518 0.00390122108219873 0.00332656930907155 0.00402584593087623 0.00185549411808365 0.000493155008482266 0 0 0.0108778418361797 0.00704386567348161 0.0150770436932726 0.00070249878818959 0 0.00703946500065995 0.0115945192025699 0.00233423071536391 0.00101602267762616 0.00862366333218351 0 0.0131721934995225 0.0144861553743636 0.00266342320906984
"hatte er sich" 0.00103029054193283 0.0146266272122774 0.00195061054109936 0 0 0 0.00197262003392906 0 0.00138523341182989 0 0 0 0.00070249878818959 0.0130552951090117 0.0105591975009899 0.00750233595460405 0.0101149997665769 0.00304806803287849 0.0107795791652294 0.00188116669958708 0.0142698762911494 0.00931252845494806 0.00532684641813969
"das war ein" 0 0.00225025034035036 0.00195061054109936 0 0.00402584593087623 0.00371098823616729 0.0014794650254468 0 0 0.00135973022952246 0 0.00603081747730905 0.00351249394094795 0.00830791506937109 0.00439966562541247 0.00954842757858697 0.00311230762048521 0.0152403401643925 0.00646774749913763 0.00846525014814188 0.00548841395813438 0.00931252845494806 0.00710246189085292
"heinrich v kreyl" 0 0 0 0 0 0 0 0 0 0 0.181379541092151 0 0 0 0 0 0 0 0 0 0 0 0
"um gottes willen" 0 0 0 0.00133062772362862 0 0.00371098823616729 0 0 0 0.00407919068856739 0 0.000753852184663631 0.00561999030551672 0.00237369001982031 0.0167187293765674 0.0163687329918634 0.00389038452560651 0 0.0107795791652294 0.00658408344855479 0.0142698762911494 0.0103472538388312 0.00177561547271323
"und in den" 0.00618174325159695 0.00562562585087591 0.00195061054109936 0.000665313861814311 0.00201292296543811 0.00371098823616729 0.0029589300508936 0.00574651309794521 0.00138523341182989 0.00135973022952246 0.0017609664183704 0.00150770436932726 0.00421499272913754 0.00474738003964062 0 0.00818436649593169 0.00855884595633432 0.00304806803287849 0.00431183166609176 0.00470291674896771 0.00658609674976125 0.00931252845494806 0.00976588509992276
"zum ersten mal" 0.0226663919225221 0.0180020027228029 0 0 0 0.00185549411808365 0 0.000820930442563602 0.00692616705914947 0.00951811160665724 0.00880483209185201 0.00150770436932726 0.00280999515275836 0.00118684500991016 0.00791939812574244 0 0.00311230762048521 0.00508011338813082 0 0.00470291674896771 0.00548841395813438 0.00827780307106494 0.00266342320906984
"auf dem rücken" 0.00927261487739543 0.00112512517017518 0 0.00399188317088587 0 0 0.00345208505937586 0.000820930442563602 0 0.00135973022952246 0 0.000753852184663631 0.0112399806110334 0.00712107005946093 0.00967926437590743 0.00954842757858697 0.00311230762048521 0.00914420409863548 0.00215591583304588 0.00282175004938063 0.0043907311665075 0.00103472538388312 0.0062146541544963
"sich in der" 0.00721203379352978 0.00562562585087591 0 0.00332656930907155 0.00402584593087623 0.00556648235425094 0.00591786010178719 0.0016418608851272 0.00415570023548968 0.00135973022952246 0 0.000753852184663631 0.00561999030551672 0.00356053502973047 0.00703946500065995 0.00545624433062112 0.00933692286145563 0.00101602267762616 0.00215591583304588 0.00282175004938063 0.0043907311665075 0.00517362691941559 0.0062146541544963
"daß man sich" 0.00515145270966413 0.00337537551052555 0.00585183162329809 0.00465719703270018 0.00402584593087623 0.00742197647233458 0.000493155008482266 0 0 0.00543892091808985 0 0.00150770436932726 0.00351249394094795 0.00118684500991016 0.00615953187557746 0.00477421378929348 0.00389038452560651 0.00914420409863548 0.00215591583304588 0.000940583349793542 0.0043907311665075 0.0196597822937792 0.00887807736356615
"und daß sie" 0.00309087162579848 0.00112512517017518 0.00585183162329809 0.00997970792721466 0.00603876889631434 0.0185549411808365 0 0.000820930442563602 0 0 0.0017609664183704 0.00376926092331816 0.00632248909370631 0.00237369001982031 0.00351973250032997 0.00272812216531056 0.00778076905121302 0.00406409071050466 0.00646774749913763 0 0.00219536558325375 0.00413890153553247 0.0142049237817058
"gott sei dank" 0.00103029054193283 0 0 0.000665313861814311 0 0 0 0.000820930442563602 0 0.00271946045904493 0.0017609664183704 0.00226155655399089 0.0070249878818959 0.0130552951090117 0.00703946500065995 0.00613827487194877 0.00700269214609172 0.00609613606575699 0.0150914108313211 0.00846525014814188 0.0131721934995225 0.00517362691941559 0.00355123094542646
"in der schule" 0.00206058108386565 0.00112512517017518 0 0.00399188317088587 0 0.00185549411808365 0 0 0.00415570023548968 0.00951811160665724 0.00528289925511121 0.00527696529264542 0.00561999030551672 0.00356053502973047 0.000879933125082494 0.0156867024505357 0.000778076905121302 0.00101602267762616 0 0.0178710836460773 0.00219536558325375 0.00517362691941559 0.00443903868178307
"und wenn er" 0.00206058108386565 0.00112512517017518 0.00390122108219873 0.00133062772362862 0 0.00371098823616729 0.00197262003392906 0.000820930442563602 0.00138523341182989 0.00679865114761231 0.017609664183704 0.00678466966197268 0.0070249878818959 0.00830791506937109 0.00351973250032997 0.00409218324796584 0.00622461524097042 0 0.00431183166609176 0 0.00548841395813438 0.00206945076776623 0.0133171160453492
"das war die" 0.00103029054193283 0 0 0.000665313861814311 0.00603876889631434 0.00556648235425094 0 0 0 0 0 0.000753852184663631 0.00070249878818959 0.00830791506937109 0.0123190637511549 0.0109124886612422 0.00855884595633432 0.00609613606575699 0.00862366333218351 0.00564350009876125 0.0153675590827763 0.00827780307106494 0.000887807736356615
"er sich nicht" 0.00515145270966413 0.00450050068070073 0.00195061054109936 0.00199594158544293 0 0.00742197647233458 0.000493155008482266 0.000820930442563602 0.00277046682365979 0.00135973022952246 0.0035219328367408 0.00452311310798179 0.00632248909370631 0.00356053502973047 0.00703946500065995 0.00886639703725933 0.00700269214609172 0.00101602267762616 0.0129354949982753 0.00564350009876125 0.00329304837488063 0.00413890153553247 0.00443903868178307
"karl v kreyl" 0 0 0 0 0 0 0 0 0 0 0.170813742581929 0 0 0 0 0 0 0 0 0 0 0 0
"an der tür" 0.00515145270966413 0 0.00585183162329809 0.00199594158544293 0 0 0.000493155008482266 0 0 0.00679865114761231 0.0035219328367408 0.000753852184663631 0.00491749151732713 0.00830791506937109 0.0105591975009899 0.00477421378929348 0.00233423071536391 0.012192272131514 0.00431183166609176 0.00470291674896771 0.00768377954138813 0.00724307768718182 0.0062146541544963
"nach dem andern" 0 0 0 0 0 0 0 0 0 0 0 0 0.0105374818228439 0.00712107005946093 0.00615953187557746 0.00477421378929348 0.0108930766716982 0.00203204535525233 0.00646774749913763 0.00752466679834834 0.00658609674976125 0.0186250569098961 0.00887807736356615
"um den hals" 0.00721203379352978 0.00562562585087591 0.0136542737876955 0.00199594158544293 0.00201292296543811 0 0.0014794650254468 0.0016418608851272 0.00277046682365979 0.00271946045904493 0.0017609664183704 0 0.00351249394094795 0.00712107005946093 0.00615953187557746 0.00272812216531056 0.00544653833584911 0.00101602267762616 0.0107795791652294 0.00564350009876125 0.0120745107078956 0.00413890153553247 0.0062146541544963
"was das für" 0.00103029054193283 0.00112512517017518 0 0 0 0.00371098823616729 0 0 0 0.00135973022952246 0 0.000753852184663631 0.0112399806110334 0.00356053502973047 0.00967926437590743 0.00750233595460405 0.00778076905121302 0.00101602267762616 0.017247326664367 0.000940583349793542 0.0043907311665075 0.0144861553743636 0.00887807736356615
"so als ob" 0.00103029054193283 0 0 0 0 0 0 0.000820930442563602 0 0 0 0.000753852184663631 0.00842998545827508 0.00593422504955078 0.00879933125082494 0.00545624433062112 0.00700269214609172 0.00609613606575699 0.00646774749913763 0.00470291674896771 0.0131721934995225 0.0165556061421299 0.00443903868178307
"auf dem hof" 0.00721203379352978 0.00337537551052555 0 0.000665313861814311 0.00201292296543811 0 0.00591786010178719 0 0 0.00135973022952246 0 0.000753852184663631 0.00913248424646467 0.00356053502973047 0.00351973250032997 0.0102304581199146 0.0015561538102426 0.0111762494538878 0.00215591583304588 0.00282175004938063 0.0120745107078956 0.00413890153553247 0
"ja auch nicht" 0.00206058108386565 0.00225025034035036 0 0.00199594158544293 0 0 0.000986310016964532 0 0 0 0.0035219328367408 0.00452311310798179 0.00421499272913754 0.0130552951090117 0.00967926437590743 0.00409218324796584 0.00233423071536391 0.0101602267762616 0.00646774749913763 0.00470291674896771 0.00768377954138813 0.00517362691941559 0.00799026962720953
"der alte quindt" 0.064908304141768 0.0326286299350803 0 0 0 0 0 0 0 0 0 0 0 0 0 0 0 0 0 0 0 0 0
"in der stadt" 0.00103029054193283 0 0 0.00332656930907155 0.00603876889631434 0.00556648235425094 0.00591786010178719 0.00328372177025441 0.00138523341182989 0.00679865114761231 0.0017609664183704 0.00753852184663631 0.00351249394094795 0.00237369001982031 0.00527959875049496 0.00613827487194877 0.0015561538102426 0.00203204535525233 0.00431183166609176 0.00564350009876125 0.00109768279162688 0.00413890153553247 0.00710246189085292
"und mit dem" 0.00103029054193283 0.00225025034035036 0.00390122108219873 0 0.00201292296543811 0 0.00394524006785813 0.00410465221281801 0.00554093364731957 0.00407919068856739 0.0035219328367408 0.00150770436932726 0.0070249878818959 0.00474738003964062 0.00263979937524748 0.00545624433062112 0.00311230762048521 0.00304806803287849 0 0.00752466679834834 0.00658609674976125 0.0103472538388312 0.00532684641813969
"das ist doch" 0.0041211621677313 0 0.00390122108219873 0.00133062772362862 0.00201292296543811 0.00185549411808365 0.000493155008482266 0.00328372177025441 0 0.00271946045904493 0.0017609664183704 0.00452311310798179 0.00772748667008549 0.00356053502973047 0.000879933125082494 0.0034101527066382 0.00389038452560651 0.0142243174867663 0.00431183166609176 0.00752466679834834 0.0043907311665075 0.00413890153553247 0.00887807736356615
"den ganzen tag" 0 0.00225025034035036 0.00585183162329809 0.00133062772362862 0 0.00371098823616729 0.000493155008482266 0 0 0.00407919068856739 0.0017609664183704 0.000753852184663631 0.00983498303465427 0.00474738003964062 0.00527959875049496 0.00613827487194877 0.00389038452560651 0.0213364762301495 0.00215591583304588 0.00470291674896771 0.00219536558325375 0.00206945076776623 0.00532684641813969
"als ob er" 0 0 0.00195061054109936 0 0 0 0 0.000820930442563602 0 0.00271946045904493 0 0 0.00491749151732713 0.0130552951090117 0.00351973250032997 0.00545624433062112 0.00700269214609172 0.0101602267762616 0.00646774749913763 0.012227583547316 0.0109768279162688 0.00310417615164935 0.0062146541544963
"es war ein" 0.00206058108386565 0.00112512517017518 0.00390122108219873 0.0059878247563288 0.0120775377926287 0.00371098823616729 0.00197262003392906 0 0 0.00679865114761231 0.00704386567348161 0.00603081747730905 0.00140499757637918 0.00118684500991016 0.00351973250032997 0.00272812216531056 0.00700269214609172 0.00711215874338315 0.00431183166609176 0.00188116669958708 0.008781462333015 0.00413890153553247 0.00266342320906984
"sich in die" 0.00206058108386565 0.00675075102105109 0 0.00465719703270018 0.00402584593087623 0 0.0014794650254468 0.0016418608851272 0.00138523341182989 0.00271946045904493 0 0.00376926092331816 0.00210749636456877 0.00356053502973047 0.00527959875049496 0.00750233595460405 0.00778076905121302 0.00508011338813082 0.00431183166609176 0.00376233339917417 0.00658609674976125 0.00206945076776623 0.0062146541544963
"sagte mein bruder" 0 0 0 0 0 0 0 0 0 0 0 0 0 0.0427264203567656 0 0 0 0.00406409071050466 0 0.0432668340905029 0 0.00206945076776623 0
"und er hatte" 0 0 0 0.000665313861814311 0.00402584593087623 0 0.000986310016964532 0 0 0.0108778418361797 0 0.00376926092331816 0.00140499757637918 0.00237369001982031 0.00615953187557746 0.0102304581199146 0.00933692286145563 0.00101602267762616 0.0107795791652294 0.000940583349793542 0.0186606074576569 0.00413890153553247 0.00355123094542646
"er in der" 0.0041211621677313 0.00337537551052555 0.00195061054109936 0.000665313861814311 0 0 0 0.000820930442563602 0.00554093364731957 0.00271946045904493 0.00528289925511121 0 0.0112399806110334 0.00474738003964062 0.00879933125082494 0.00682030541327641 0.00311230762048521 0.00203204535525233 0.00431183166609176 0.00376233339917417 0.00658609674976125 0.00310417615164935 0.0062146541544963
"in der tür" 0.00206058108386565 0.00112512517017518 0 0.00199594158544293 0.00603876889631434 0.00556648235425094 0.00345208505937586 0 0 0 0.0035219328367408 0 0.0070249878818959 0.00593422504955078 0.00879933125082494 0.00409218324796584 0.000778076905121302 0.00406409071050466 0.00862366333218351 0.00282175004938063 0.0109768279162688 0.00724307768718182 0.00532684641813969
"was für ein" 0.00927261487739543 0.00675075102105109 0.0136542737876955 0 0.00402584593087623 0.00371098823616729 0.0014794650254468 0 0 0 0 0 0.00561999030551672 0.00356053502973047 0.0140789300013199 0.00204609162398292 0.00855884595633432 0.00203204535525233 0.00215591583304588 0.00376233339917417 0.00768377954138813 0.00206945076776623 0.000887807736356615
"nicht so einfach" 0 0 0.00195061054109936 0.000665313861814311 0 0 0.0014794650254468 0 0 0 0.0017609664183704 0.00226155655399089 0.0126449781874126 0.00356053502973047 0.00527959875049496 0.00477421378929348 0.00233423071536391 0.00304806803287849 0.00215591583304588 0.00658408344855479 0.0252467042074181 0.00310417615164935 0.00266342320906984
"und dann die" 0.00103029054193283 0.00112512517017518 0 0 0 0 0.000986310016964532 0.000820930442563602 0 0 0.0035219328367408 0.00301540873865452 0.00280999515275836 0.0142421401189219 0.00351973250032997 0.00750233595460405 0.00778076905121302 0.00508011338813082 0.00862366333218351 0.00376233339917417 0.00548841395813438 0.0103472538388312 0.00532684641813969
"wie er es" 0.00103029054193283 0.00450050068070073 0.00390122108219873 0.000665313861814311 0.00603876889631434 0.00185549411808365 0.0014794650254468 0.000820930442563602 0.00138523341182989 0.00407919068856739 0 0.00301540873865452 0.00351249394094795 0 0.00615953187557746 0.00750233595460405 0.0147834611973047 0.00203204535525233 0.00646774749913763 0.00188116669958708 0.008781462333015 0.00206945076776623 0.00266342320906984
"wie gut daß" 0 0 0 0 0 0 0.0044383950763404 0.012313956638454 0.00138523341182989 0 0 0 0.00561999030551672 0.00356053502973047 0.00967926437590743 0.0034101527066382 0.0124492304819408 0.00609613606575699 0.00431183166609176 0.00188116669958708 0.0043907311665075 0.00206945076776623 0.00177561547271323
"auf die straße" 0.00206058108386565 0.00112512517017518 0 0.00399188317088587 0.00201292296543811 0 0.0014794650254468 0 0.00277046682365979 0.0108778418361797 0.00528289925511121 0.00226155655399089 0.0105374818228439 0.00593422504955078 0.00527959875049496 0.00204609162398292 0.00389038452560651 0.00101602267762616 0.00431183166609176 0.00188116669958708 0.00987914512464188 0.00103472538388312 0.0062146541544963
"aus der tasche" 0.00309087162579848 0.0101261265315766 0.00195061054109936 0.000665313861814311 0 0.00185549411808365 0.000986310016964532 0 0 0.00815838137713478 0.00704386567348161 0.00150770436932726 0.00491749151732713 0.00830791506937109 0.00615953187557746 0.00409218324796584 0.00233423071536391 0.00203204535525233 0.00215591583304588 0.00564350009876125 0.008781462333015 0.00517362691941559 0.00355123094542646
"das ist ein" 0.00309087162579848 0.00675075102105109 0.00780244216439746 0.00199594158544293 0.00201292296543811 0.00185549411808365 0.0014794650254468 0.000820930442563602 0 0.00543892091808985 0.0017609664183704 0.000753852184663631 0.00842998545827508 0.00474738003964062 0 0.00409218324796584 0 0.00508011338813082 0 0.00658408344855479 0.0043907311665075 0.00103472538388312 0.0159805392544191
"und als er" 0 0.00337537551052555 0.00780244216439746 0.000665313861814311 0.00201292296543811 0.00185549411808365 0.00246577504241133 0 0 0.0108778418361797 0.0035219328367408 0.00376926092331816 0.00632248909370631 0.00237369001982031 0.00703946500065995 0.00818436649593169 0.00389038452560651 0.00101602267762616 0.00431183166609176 0 0.00658609674976125 0.00206945076776623 0.0062146541544963
"sich auf den" 0.00721203379352978 0.00450050068070073 0.00390122108219873 0.00266125544725724 0 0.0129884588265855 0.0044383950763404 0.000820930442563602 0 0 0.0017609664183704 0.00150770436932726 0.00491749151732713 0.00356053502973047 0.00175986625016499 0.00272812216531056 0.00622461524097042 0.00101602267762616 0 0.00470291674896771 0.00548841395813438 0.00206945076776623 0.00710246189085292
"sie in den" 0.00515145270966413 0.00675075102105109 0.00390122108219873 0.00532251089451449 0.00603876889631434 0.00556648235425094 0.0014794650254468 0.0016418608851272 0.00277046682365979 0.00271946045904493 0.00528289925511121 0.00226155655399089 0.00421499272913754 0.00356053502973047 0.00439966562541247 0.00204609162398292 0.00389038452560651 0.00609613606575699 0.00431183166609176 0 0.00548841395813438 0 0.00443903868178307
"sie in die" 0.00309087162579848 0.00562562585087591 0.00390122108219873 0.00332656930907155 0.00201292296543811 0.00556648235425094 0.000986310016964532 0.000820930442563602 0 0.00135973022952246 0.0035219328367408 0.00301540873865452 0.00421499272913754 0 0.00439966562541247 0.00545624433062112 0.00622461524097042 0.00203204535525233 0.00862366333218351 0.00376233339917417 0.00768377954138813 0.00413890153553247 0.00443903868178307
"der hand und" 0.00206058108386565 0.00337537551052555 0.00585183162329809 0.00133062772362862 0 0.00185549411808365 0.00345208505937586 0 0 0.00271946045904493 0.0017609664183704 0 0.00913248424646467 0.00356053502973047 0.00439966562541247 0.00272812216531056 0.00466846143072781 0.00406409071050466 0.00862366333218351 0.00188116669958708 0.00109768279162688 0.00827780307106494 0.00887807736356615
"in die stadt" 0.00206058108386565 0.00112512517017518 0 0.00133062772362862 0.00201292296543811 0.00556648235425094 0.0044383950763404 0.0016418608851272 0 0.00135973022952246 0 0.00452311310798179 0.00351249394094795 0.00593422504955078 0.00527959875049496 0.00409218324796584 0.00233423071536391 0 0 0.00658408344855479 0.0043907311665075 0.0124167046065974 0.00532684641813969
"und auch die" 0.00515145270966413 0.00225025034035036 0 0.000665313861814311 0 0.00556648235425094 0.00493155008482266 0.00656744354050881 0.00969663388280925 0 0 0.00301540873865452 0.00070249878818959 0.00118684500991016 0.00439966562541247 0.00409218324796584 0.00311230762048521 0.00406409071050466 0.00215591583304588 0 0.00658609674976125 0.00413890153553247 0.00799026962720953
"und das ist" 0.00206058108386565 0.00337537551052555 0.00975305270549682 0.00133062772362862 0.00603876889631434 0.00556648235425094 0.000493155008482266 0.000820930442563602 0 0 0.0105657985102224 0.00603081747730905 0.011942479399223 0 0.000879933125082494 0.00136406108265528 0 0.00304806803287849 0.00431183166609176 0.000940583349793542 0 0.0062083523032987 0.0133171160453492
"es sich um" 0.00927261487739543 0.024752753743854 0.00390122108219873 0.00332656930907155 0 0.00185549411808365 0.00246577504241133 0 0 0 0.0017609664183704 0.00527696529264542 0.00070249878818959 0 0.00703946500065995 0.0034101527066382 0.00466846143072781 0.00101602267762616 0.00646774749913763 0 0.00329304837488063 0 0.000887807736356615
"ganz und gar" 0 0 0 0.0059878247563288 0.00603876889631434 0.0148439529446692 0.00739732512723399 0.0106720957533268 0 0.00135973022952246 0 0.00678466966197268 0.00632248909370631 0.00118684500991016 0.000879933125082494 0 0.000778076905121302 0.00203204535525233 0 0.00188116669958708 0 0.00310417615164935 0.00266342320906984
"in die gegend" 0 0 0 0 0 0 0 0 0 0 0.0035219328367408 0.000753852184663631 0.00070249878818959 0.00474738003964062 0.0140789300013199 0.0143226413678805 0.0116711535768195 0 0.00215591583304588 0.000940583349793542 0.00768377954138813 0.00931252845494806 0.00177561547271323
