"alles-umsonst_2006" "aus-großer-zeit_1978" "ein-kapitel-für-sich_1975" "heile-welt_1998" "herzlich-willkommen_1984" "hundstage_1988" "letzte-grüße_2003" "mark-und-bein_1991" "schöne-aussicht_1981" "tadellöser-wolff_1971" "uns-gehts-ja-noch-gold_1972"
"und" 3.80558269211771 4.26140146840792 3.23170225139154 3.55674075690717 4.0487966392815 3.42115091344807 3.19058136158456 3.37386280343207 3.72670371124895 3.29387858775718 2.62135648378935
"die" 3.11515537358814 3.26796225108533 3.15811960740099 3.15230216268935 3.06065434679138 3.37368896081666 2.68990822459018 3.5635752166602 3.26868093655823 2.77978155956312 2.81511300896359
"der" 2.47851333106484 2.28872770532409 2.06980856644394 2.48664943426338 2.19874593878691 2.15523948834459 2.15491829964715 2.16660199198034 2.41445441198165 1.87655575311151 2.21126985769242
"das" 2.10750469249092 1.97711272294676 2.01996225922453 1.84895957660122 2.05285267884858 1.84868195823348 1.79943157320475 1.76346311387056 2.04143279639764 1.95478790957582 2.13038121126045
"er" 2.10311405771489 1.65040527703549 1.57015867741132 2.14086466652572 0.956066469383109 2.70144097600448 2.59839679006045 1.90574742379166 1.81031394229756 1.38277876555753 1.29798060553617
"in" 1.45330011086353 1.39738456484876 1.2259817942297 1.52840959467478 1.4620367112969 1.662724471694 1.69032178588084 1.76561893674816 1.3234891219591 1.34010668021336 1.19734008032431
"sie" 2.06030536864867 1.55097257610597 1.09543194198839 1.21331578265347 1.33890693872483 1.32737854408515 1.30579777732804 1.90143577803648 1.51105366312846 1.06985013970028 1.15125236317121
"sich" 1.34353424146296 1.05913582329389 0.802288182864738 1.28083588522947 0.968482917037436 1.54368055771685 1.47386204651245 1.46164791100763 1.24270289636181 0.969265938531877 0.719532726982007
"den" 1.35780380448503 1.19052903523646 1.10611329353541 1.21740791008232 1.01090577985638 1.34605209921882 1.09725729671703 1.14905359375674 1.20617347261347 0.972313944627889 1.04120618139749
"mit" 1.10204932878171 1.18697786734612 1.10255284301974 1.16011812607845 1.35339279432154 1.10173975288662 0.967029486040107 1.16845599965507 1.23708298501591 0.912369824739649 1.10798634298667
"nicht" 0.997771752851168 1.00853168085654 1.11442101140531 1.0850957898829 0.975725844835792 0.889328063241107 1.21516626043802 0.963652826283793 1.03336119872709 1.12979425958852 1.15971745407688
"ein" 1.05704532232748 0.948161826720763 0.955387555038631 1.07827557750148 0.926060054218488 0.91811646073885 1.1042966378347 1.05850903289786 0.943442617192714 0.933705867411735 1.01957317130522
"auf" 0.923130961658782 0.8158808228056 0.726331905197071 0.962331967017453 0.838110216667012 0.906445488780306 0.945911462687092 0.927003837364722 0.915343060463221 0.79756159512319 0.889775110751606
"zu" 0.868248026958498 0.717335913848667 0.615957939211242 0.984838667876118 0.908470086708193 1.04571908748561 1.0647003440478 1.02832751261156 0.847201635394202 0.796545593091186 0.644287474487157
"es" 1.02740853758932 0.845177957900905 0.58154025089308 0.857982717581826 0.735674523518821 0.88232548006598 1.10517655547441 0.920536368731945 0.924475416400306 0.733553467106934 0.754333656260875
"war" 1.24803793508446 0.452773906018342 0.766683677708019 1.08986993854989 0.904331270823417 0.966356478167502 1.07261960280518 1.10809295908248 0.195291919269974 0.718313436626873 0.709186504763965
"dem" 0.981306872441083 0.773266808121521 0.579166617215965 0.907088246728003 0.743952155288372 0.836419657029037 0.757609087789383 0.823524339240288 0.859143947004236 0.50495300990602 0.715770464357264
"man" 0.692622635917588 0.988112465487087 0.848574039568473 0.549709117941933 0.796722057819258 0.336902057203324 0.666097653259655 0.588539645582719 0.89216092616139 0.967233934467869 0.838043999661396
"von" 0.72006410326773 0.669395147329078 0.6254524739197 0.699753790333031 0.810173209444778 0.844200305001401 0.781366864061524 0.840770922261027 0.74815069792274 0.626873253746507 0.592556363396947
"so" 0.545536370920826 0.743969673026217 0.796354098671952 0.585174222325283 0.645655278024957 0.472285331922442 0.496273548795833 0.43547622127366 0.656124649633652 0.7000254000508 0.785372322915001
"auch" 0.694817953305599 0.630332300535339 0.522199408965214 0.625413475375623 0.623926494629886 0.459058230369425 0.692495182450923 0.510930021989393 0.662447049897788 0.574041148082296 0.585031838147462
"an" 0.701403905469633 0.54332868722201 0.472353101745808 0.641781985091016 0.533907249136022 0.687809280756901 0.622101771274209 0.644591040400121 0.628727581822397 0.531369062738125 0.455233777593845
"hatte" 1.20522924601824 0.190875274105772 0.630199741273929 0.813651337102637 0.556670736502287 0.646571846503377 0.801604969774829 0.83430345362825 0.106778315572072 0.359664719329439 0.519192242214468
"wie" 0.492848753608553 0.601035165440034 0.642067909659502 0.450816038411436 0.56287896032945 0.571877625968691 0.557867783575457 0.541111542275687 0.597115580501718 0.67259334518669 0.703543110826851
"ich" 0.124035432422643 0.501602464510516 1.056266986316 0.127537971532434 1.50756368602943 0.150166505866609 0.161904845706442 0.0603630405725866 0.141902761483938 1.79324358648717 1.09481842380007
"eine" 0.508215975324633 0.510480384236366 0.530507126835116 0.609044965660231 0.520456097510502 0.533752450904111 0.631780865311007 0.679084206441599 0.493849709520832 0.613665227330455 0.616070504801588
"daß" 0.45552835801236 0.500714672537931 0.325187813764702 0.575625924991304 0.780166794280156 0.723600261429772 0.622101771274209 0.782563704566033 0.590793180237582 0.544577089154178 0.283110262511875
"dann" 0.482969825362502 0.55043102300269 0.544748928897803 0.594040498421121 0.696355772613455 0.412374342535246 0.444358408053006 0.474281033070323 0.528974155432698 0.850393700787402 0.413848888721677
"da" 0.451137723236337 0.708457994122817 0.751255058806774 0.418761040218792 0.53597665707841 0.348573029161869 0.340528126567353 0.409606346742552 0.538106511369783 0.704089408178816 0.700721413858294
"noch" 0.563098910024917 0.511368176208951 0.658683345399305 0.552437202894498 0.543219584876767 0.437272416046808 0.469876019604565 0.500150907601431 0.458725263608967 0.493776987553975 0.633941252269115
"was" 0.493946412302559 0.423476770923037 0.606463404502783 0.509469864891593 0.526664321337665 0.459058230369425 0.53147025438419 0.457034450049584 0.515626865986189 0.615697231394463 0.573745050273234
"ist" 0.265633403949376 1.11950567742966 0.346550516858733 0.254393921826726 0.334209382695611 0.19840652329526 0.283333479986273 0.258698745311085 1.45274708291477 0.438912877825756 0.325435717040228
"im" 0.509313634018638 0.453661697990927 0.454550849167448 0.544934969274943 0.511143761769758 0.431825962466154 0.451397749170678 0.441943689906437 0.506494510049104 0.40741681483363 0.491915838185084
"aus" 0.49614172969057 0.478519873223306 0.421319977687843 0.473322739270101 0.432506259959026 0.406927888954592 0.502432972273795 0.463501918682361 0.446782951998932 0.413512827025654 0.434541333157761
"ja" 0.375399273349945 0.453661697990927 0.602902953987111 0.368973489834473 0.25867599279846 0.281659456599546 0.285093315265691 0.245763808045531 0.399716194477032 0.513081026162052 0.635822383581486
"aber" 0.500532364466593 0.324931861966104 0.420133160849286 0.466502526888687 0.256606584856073 0.270766549438237 0.532350172023899 0.327685077394041 0.309095124024419 0.368808737617475 0.44112529275106
"mal" 0.321613997343666 0.363994708759843 0.44505631445899 0.381249872121018 0.438714483786189 0.268432355046528 0.308851091537832 0.27163368257664 0.335087213999199 0.475488950977902 0.55305260583715
"einen" 0.3281999495077 0.337360949582294 0.36553958627565 0.370337532310756 0.316619415185316 0.336902057203324 0.385403926192508 0.379424826456258 0.347732014527471 0.3749047498095 0.377166828130438
"als" 0.322711656037672 0.334697573664539 0.376220937822666 0.375111680977746 0.400430436852017 0.386698204226448 0.362526067560076 0.420385461130514 0.290830412150248 0.370840741681483 0.304743272604144
"wenn" 0.289781895217501 0.443008194319907 0.436748596589088 0.297361259829631 0.3528340541771 0.273100743829946 0.224378998125775 0.250075453800716 0.396203749885846 0.565913131826264 0.341425333195384
"nach" 0.3281999495077 0.357780164951749 0.296704209639326 0.355333065071646 0.369389317716201 0.313560113286234 0.275414221228893 0.319061785883672 0.284508011886113 0.321056642113284 0.325435717040228
"hat" 0.108668210706563 0.82298315858628 0.134110302756976 0.13094807772314 0.184177306872504 0.122934237963338 0.165424516265278 0.161686715819428 0.929392838827968 0.319024638049276 0.0780669494634073
"für" 0.286488919135484 0.2601230479674 0.269407422352508 0.327370194307851 0.311445895329346 0.314338178083471 0.340528126567353 0.381580649333851 0.309095124024419 0.310896621793244 0.237022545358779
"ihm" 0.319418679955655 0.232601496817266 0.170901624752252 0.385341999549866 0.146927963909525 0.448943388005353 0.603623500840321 0.338464191782003 0.229713876263602 0.208280416560833 0.147668808021144
"doch" 0.338078877753751 0.242367208515701 0.415385893495057 0.232569242206202 0.23694720940339 0.264542031060347 0.283333479986273 0.228517225024792 0.218474053571805 0.422656845313691 0.32919797966497
"schon" 0.334785901671734 0.268113175720665 0.21600066461743 0.308955620878034 0.255571880884879 0.25753944788522 0.342287961846771 0.284568619842194 0.280293078376689 0.280416560833122 0.286872525136617
"hier" 0.366618003797899 0.187324106215432 0.22905564984156 0.324642109355285 0.254537176913685 0.284771715788491 0.373085079236583 0.411762169620144 0.246573610301297 0.220472440944882 0.218211232235066
"sei" 0.189894954062984 0.0301849270678895 0.410638626140828 0.244163603254605 0.340417606522774 0.315894307677943 0.322929773773175 0.267322036821455 0.0449592907671881 0.336296672593345 0.628297858332001
"ob" 0.259047451785342 0.240591624570531 0.305011927509228 0.246891688207171 0.308341783415765 0.264542031060347 0.288612985824527 0.306126848618118 0.220581520326517 0.244856489712979 0.344247030163941
"wir" 0.115254162870597 0.259235255994815 0.627826107596815 0.0511515928606017 0.487345570432299 0.0676916373595593 0.0519151407428265 0.0883887379812875 0.0807862255972912 0.691897383794768 0.601021454302618
"immer" 0.276609990889433 0.29918589476114 0.397583640916697 0.228477114777354 0.234877801461002 0.155612959447263 0.185662621978583 0.161686715819428 0.241656187873636 0.337312674625349 0.407264929128378
"oder" 0.143793288914745 0.296522518843385 0.318066912733358 0.255757964303008 0.280404776193531 0.234975568765367 0.181263033780038 0.241452162290346 0.226201431672415 0.473456946913894 0.258655555451048
"wieder" 0.276609990889433 0.226386953009171 0.351297784212962 0.231887220968061 0.242120729259359 0.210855560051041 0.293012574023071 0.211270642004053 0.281698056213163 0.298704597409195 0.268061212012905
"sagte" 0.375399273349945 0.0594820621631939 0.420133160849286 0.195058074108428 0.240051321316971 0.281659456599546 0.284213397625982 0.209114819126461 0.00772737810061046 0.308864617729235 0.556814868461893
"einem" 0.201969199697046 0.252132920214135 0.188703877330612 0.257122006779291 0.318688823127703 0.252092994304566 0.307971173898123 0.30828267149571 0.222688987081229 0.266192532385065 0.204102747392282
"nun" 0.222824714883154 0.193538650023526 0.220747931971659 0.242799560778323 0.227634873662645 0.232641374373658 0.203260974772761 0.191868236105722 0.326657346980351 0.214376428752858 0.246428201920635
"vor" 0.205262175779063 0.195314233968696 0.178022525783596 0.260532112969998 0.23177368954742 0.262985901465874 0.273654385949475 0.278101151209417 0.179837163068753 0.198120396240792 0.203162181736096
"am" 0.248070864845285 0.240591624570531 0.233802917195789 0.235297327158768 0.207975498209962 0.185179421742243 0.22085932756694 0.191868236105722 0.237441254364212 0.179832359664719 0.237022545358779
"habe" 0.139402654138722 0.0381750548211543 0.405891358786598 0.212790626300103 0.171760859218178 0.231863309576422 0.309731009177541 0.185400767472944 0.0154547562012209 0.307848615697231 0.473104525061372
"ihn" 0.244777888763268 0.203304361721961 0.141231203788319 0.237343390873192 0.109678620946547 0.307335594908344 0.395962937869015 0.245763808045531 0.166489873622244 0.15240030480061 0.144847111052587
"einer" 0.186601977980967 0.200640985804206 0.258726070805493 0.217564774967092 0.232808393518614 0.186735551336715 0.239337598000827 0.2263614021472 0.186159563332888 0.218440436880874 0.20222161607991
"alles" 0.3281999495077 0.174895018599242 0.286022858092311 0.206652435156831 0.151066779794301 0.167283931405807 0.21206015116985 0.163842538697021 0.136282850138039 0.258064516129032 0.276526302918575
"über" 0.206359834473069 0.187324106215432 0.173275258429367 0.21620073249081 0.23694720940339 0.243534281534966 0.260455621353841 0.295347734230156 0.160869962276345 0.187960375920752 0.19375652517424
"sein" 0.21623876271912 0.227274744981756 0.163780723720908 0.227113072301071 0.141754444053556 0.259095577479693 0.21206015116985 0.187556590350537 0.186862052251126 0.193040386080772 0.195637656486611
"um" 0.251363840927302 0.189099690160602 0.135297119595533 0.217564774967092 0.194524346584442 0.276213003018891 0.230538421603738 0.27163368257664 0.158060006603396 0.194056388112776 0.142965979740216
"wurde" 0.172332414958893 0.0861158213407434 0.189890694169169 0.284402856304945 0.390083397140078 0.199962652889733 0.284213397625982 0.183244944595352 0.0372319126665777 0.248920497840996 0.177766909019084
"bei" 0.156965193242813 0.168680474791147 0.250418352935591 0.214836690014527 0.254537176913685 0.180511032958825 0.134627398875465 0.159530892941836 0.201614319534109 0.200152400304801 0.221973494859809
"des" 0.169039438876876 0.157139179147542 0.143604837465434 0.255757964303008 0.202801978353993 0.267654290249292 0.212940068809559 0.206958996248868 0.177729696314041 0.134112268224536 0.151431070645886
"zum" 0.149281582384773 0.203304361721961 0.189890694169169 0.218246796205234 0.22349605777787 0.143163922691482 0.155745422228479 0.129349372655543 0.169299829295193 0.229616459232918 0.240784807983521
"ihr" 0.329297608201706 0.205079945667131 0.164967540559465 0.151408714867381 0.19659375452683 0.175064579378171 0.135507316515174 0.219893933514422 0.193886941433499 0.143256286512573 0.186231999924755
"ganz" 0.187699636674972 0.197977609886451 0.113934416501501 0.19096594667958 0.206940794238768 0.157947153838972 0.192701963096254 0.12719354977795 0.190374496842312 0.259080518161036 0.164598989832485
"frau" 0.267828721337387 0.151812427312032 0.166154357398023 0.156864884772512 0.130372700370424 0.147054246677663 0.17158393974324 0.34493166041478 0.233226320854789 0.122936245872492 0.153312201958258
"seine" 0.196480906227018 0.147373467449107 0.117494867017173 0.218928817443375 0.084845725637895 0.229529115184713 0.262215456633259 0.187556590350537 0.174919740641091 0.143256286512573 0.103462222180419
"wird" 0.0439063477602274 0.56286011061888 0.0771430945062248 0.0566077627657325 0.0900192454938642 0.0427935638479973 0.0422360467060283 0.051739749062217 0.557776201080428 0.106680213360427 0.0696018585577366
"würde" 0.250266182233296 0.0452773906018342 0.134110302756976 0.233251263444344 0.136580924197587 0.276991067816128 0.2366978450817 0.224205579269607 0.0554966245407479 0.116840233680467 0.144847111052587
"hätte" 0.211848127943097 0.055043102300269 0.186330243653497 0.173233394487904 0.176934379074147 0.173508449783698 0.255176115515588 0.211270642004053 0.0793812477608166 0.19507239014478 0.157074464583
"sowtschick" 0 0 0 0.00545616990513085 0 1.17020945504342 0.349327302964443 0 0 0 0
"waren" 0.230508325741194 0.0994327009295182 0.16734117423658 0.198468180299135 0.188316122757279 0.185179421742243 0.200621221853635 0.224205579269607 0.0337194680753911 0.160528321056642 0.139203717115473
"denn" 0.194285588839006 0.183772938325092 0.16734117423658 0.170505309535339 0.0972621732922211 0.11826584917992 0.150465916390226 0.116414435389988 0.153845073093972 0.151384302768606 0.182469737300012
"gewesen" 0.17562539104091 0.0674721899164588 0.232616100357232 0.174597436964187 0.182107898930116 0.125268432355047 0.180383116140329 0.183244944595352 0.0505792021130867 0.183896367792736 0.181529171643827
"mir" 0.020855515186108 0.127842044052238 0.236176550872904 0.0245527645730888 0.488380274403493 0.0233419439170894 0.0316770350295212 0.00862329151036951 0.0280995567294926 0.50495300990602 0.26053668676342
"nur" 0.154769875854802 0.158914763092712 0.162593906882351 0.122081801627303 0.14278914802475 0.122934237963338 0.133747481235756 0.097012029491657 0.15946498443987 0.188976377952756 0.181529171643827
"jetzt" 0.188797295368978 0.112749580518293 0.181582976299268 0.158228927248795 0.110713324917741 0.145498117083191 0.129347893037212 0.122881904022765 0.164382406867532 0.140208280416561 0.158015030239186
"durch" 0.141597971526733 0.150036843366862 0.130549852241304 0.167777224582773 0.144858555967138 0.164949737014099 0.13902698707401 0.174621653084983 0.126448005282717 0.139192278384557 0.130738626209803
"werden" 0.140500312832728 0.199753193831621 0.0937585302460271 0.155500842296229 0.132442108312812 0.106594877221375 0.110869622603324 0.129349372655543 0.245168632464823 0.122936245872492 0.0978188282433055
"wohl" 0.115254162870597 0.172231642681487 0.2112533972632 0.127537971532434 0.112782732860129 0.0995922940462482 0.109109787323906 0.116414435389988 0.138390316892751 0.156464312928626 0.194697090830425
"mann" 0.230508325741194 0.0861158213407434 0.106813515470157 0.139814353818978 0.111748028888935 0.126824561949519 0.218219574647813 0.150907601431466 0.136985339056276 0.103632207264415 0.11192731308609
"vielleicht" 0.166844121488864 0.110973996573123 0.162593906882351 0.177325521916752 0.0879498375514765 0.132271015530173 0.191822045456545 0.189712413228129 0.0835961812702405 0.11988823977648 0.102521656524234
"alle" 0.0987892824605117 0.144710091531352 0.206506129908971 0.118671695436596 0.108643916975353 0.0995922940462482 0.124948304838667 0.0905445608588798 0.139092805810988 0.170688341376683 0.17870747467527
"sind" 0.0515899586182672 0.319605110130594 0.0878244460532406 0.0722942512429837 0.0993315812346088 0.0684697021567956 0.0615942347796246 0.0797654464709179 0.318227479961504 0.147320294640589 0.0724235555262935
"kann" 0.0570782520882957 0.255684088104475 0.0996926144388137 0.0934369096253657 0.0920886534362519 0.0552426006037783 0.0695134935370049 0.0776096235933256 0.359674326137505 0.116840233680467 0.0667801615891797
"du" 0.129523725892671 0.111861788545708 0.255165620289821 0.0606998901945807 0.104505101090578 0.0497961470231241 0.0510352231031175 0.0431164575518475 0.105373337735597 0.244856489712979 0.317911191790743
"s" 0.0823244020504264 0.152700219284617 0.27296787286818 0.115261589245889 0.130372700370424 0.0871432572904672 0.0932712698091459 0.0668305092053637 0.103968359899123 0.204216408432817 0.137322585803102
"haben" 0.102082258542529 0.226386953009171 0.132923485918418 0.0859346760058108 0.0879498375514765 0.0754722853319224 0.101190528566526 0.0883887379812875 0.171407296049905 0.234696469392939 0.0902943029938205
"hatten" 0.176723049734915 0.053267518355099 0.160220273205236 0.142542438771543 0.109678620946547 0.147054246677663 0.153985586949062 0.178933298840167 0.0316120013206792 0.171704343408687 0.103462222180419
"kam" 0.132816701974688 0.056818686245439 0.157846639528122 0.150044672391098 0.159344411563852 0.134605209921882 0.109109787323906 0.116414435389988 0.0175622229559329 0.161544323088646 0.132619757522174
"wo" 0.100984599848523 0.151812427312032 0.124615768048517 0.0982110582923552 0.14278914802475 0.115153589990974 0.0941511874488548 0.0862329151036951 0.120125605018581 0.117856235712471 0.12697636358506
"nichts" 0.16025816932483 0.0994327009295182 0.125802584887074 0.123445844103585 0.101400989176996 0.091811646073885 0.156625339868188 0.0754538007157332 0.0906210704526136 0.145288290576581 0.108165050461347
"diese" 0.118547138952614 0.129617627997408 0.1056266986316 0.0770683999099732 0.151066779794301 0.129936821138464 0.100310610926817 0.155219247186651 0.137687827974514 0.139192278384557 0.0658395959329941
"mehr" 0.0998869411545174 0.139383339695842 0.131736669079861 0.106395313150051 0.0941580613786396 0.094145840465594 0.100310610926817 0.103479498124434 0.116613160427394 0.117856235712471 0.161777292863928
"mich" 0.0296367847381535 0.0781256935874786 0.225495199325888 0.0136404247628271 0.342487014465161 0.0178954903364352 0.0387163761471926 0.00646746863277713 0.0168597340376956 0.37998475996952 0.18717256558094
"gar" 0.118547138952614 0.130505419969993 0.119868500694288 0.0961649945779312 0.0817416137243135 0.0910335812766487 0.111749540243033 0.0797654464709179 0.126448005282717 0.147320294640589 0.12697636358506
"unter" 0.121840115034631 0.117188540381218 0.0925717134074698 0.125491907818009 0.120025660658486 0.128380691543992 0.109989704963615 0.114258612512396 0.0941335150438002 0.0924561849123698 0.119451838335575
"vom" 0.11196118678858 0.113637372490878 0.112747599662944 0.111169461817041 0.130372700370424 0.123712302760574 0.0959110227282726 0.0797654464709179 0.125745516364479 0.0883921767843536 0.103462222180419
"uns" 0.038418054290199 0.0914425731762533 0.244484268742805 0.021142658382382 0.197628458498024 0.024898073511562 0.0211180233530142 0.0301815202862933 0.0288020456477299 0.313944627889256 0.253012161513934
"stand" 0.176723049734915 0.0399506387663243 0.117494867017173 0.14595254496225 0.125199180514455 0.132271015530173 0.141666739993137 0.13581684128832 0.0119423116100344 0.0822961645923292 0.108165050461347
"gut" 0.114156504176591 0.0985449089569332 0.129363035402746 0.0763863786718318 0.0838110216667012 0.107372942018611 0.11438929316216 0.0689863320829561 0.113100715836208 0.109728219456439 0.136382020146916
"seiner" 0.130621384586677 0.0994327009295182 0.0771430945062248 0.121399780389161 0.0703598700411812 0.157947153838972 0.113509375522451 0.12719354977795 0.118018138263869 0.0721361442722885 0.0451471514969102
"dieser" 0.110863528094574 0.0870036133133284 0.0391649556723911 0.0763863786718318 0.141754444053556 0.132271015530173 0.112629457882742 0.122881904022765 0.145415206075124 0.122936245872492 0.0385631919036108
"zur" 0.109765869400569 0.0878914052859134 0.0771430945062248 0.136404247628271 0.10760921300416 0.110485201207557 0.101190528566526 0.0819212693485103 0.0927285372073256 0.106680213360427 0.0931159999623774
"ging" 0.144890947608751 0.0417262227114942 0.147165287981106 0.113215525531465 0.12933799639923 0.12449036755781 0.118788881360705 0.0905445608588798 0.00983484485532241 0.122936245872492 0.123214100960318
"einmal" 0.115254162870597 0.102096076847273 0.0866376292146833 0.109805419340758 0.0889845415226704 0.0894774516821761 0.108229869684198 0.0732979778381408 0.122233071773293 0.106680213360427 0.0978188282433055
"sehr" 0.0889103542144606 0.164241514928222 0.0617144756049799 0.0634279751471461 0.120025660658486 0.0894774516821761 0.116149128441578 0.0797654464709179 0.118018138263869 0.144272288544577 0.0677207272453654
"konnte" 0.154769875854802 0.0284093431227195 0.106813515470157 0.152090736105522 0.111748028888935 0.111263266004793 0.147826163471099 0.125037726900358 0.0161572451194582 0.101600203200406 0.0912348686500061
"ins" 0.107570552012557 0.0816768614778185 0.0818903618604541 0.113215525531465 0.10760921300416 0.126824561949519 0.103830281485653 0.0862329151036951 0.0997534263896987 0.0863601727203454 0.0931159999623774
"mutter" 0.05598059339429 0.0719111497793837 0.25991288764405 0.0409212742884813 0.138650332139975 0.0194516199309078 0.0149585998750517 0.0689863320829561 0.0821912034337658 0.0863601727203454 0.324495151384042
"mädchen" 0.0625665455583241 0.0870036133133284 0.0545935745736361 0.0832065910532454 0.137615628168781 0.315894307677943 0.0615942347796246 0.034493166041478 0.0814887145155285 0.0254000508001016 0.0517311110902097
"seinen" 0.0889103542144606 0.112749580518293 0.0664617429592091 0.102303185721203 0.058978126358049 0.143163922691482 0.115269210801869 0.112102789634804 0.109588271245021 0.0772161544323089 0.0667801615891797
"also" 0.0636642042523298 0.0719111497793837 0.0320440546410472 0.144588502485967 0.0807069097531196 0.125268432355047 0.116149128441578 0.137972664165912 0.136985339056276 0.107696215392431 0.0206924444360839
"mein" 0.0406133716782104 0.0887791972584984 0.307385561186342 0.0177325521916752 0.10243569314819 0.0171174255391989 0.0158385175147606 0.0107791143879619 0.0323144902389165 0.134112268224536 0.364939474600024
"matthias" 0 0 0.00118681683855731 0.767273892909025 0 0 0 0 0 0.00101600203200406 0
"etwas" 0.118547138952614 0.100320492902103 0.0415385893495057 0.129584035246858 0.0807069097531196 0.091811646073885 0.124068387198958 0.133661018410727 0.109588271245021 0.0782321564643129 0.0423254545283534
"ab" 0.100984599848523 0.0816768614778185 0.0985057976002564 0.0975290370542139 0.0951927653498334 0.114375525193738 0.0967909403679816 0.0474281033070323 0.0800837366790539 0.10261620523241 0.11192731308609
"können" 0.130621384586677 0.0585942701906089 0.103253064954486 0.107759355626334 0.0879498375514765 0.0809187389125766 0.128467975397503 0.153063424309059 0.0793812477608166 0.0853441706883414 0.0771263838072217
"seinem" 0.0823244020504264 0.102983868819858 0.0474726735422922 0.107077334388193 0.0496657906173044 0.173508449783698 0.0994306932871083 0.0711421549605484 0.143307739320412 0.0609601219202438 0.0423254545283534
"kinder" 0.0439063477602274 0.122515292216728 0.0367913219952765 0.193694031632145 0.0827763176955073 0.0295664622949799 0.068633575897296 0.051739749062217 0.205126764125296 0.0508001016002032 0.0451471514969102
"sah" 0.174527732346904 0.0213070073420396 0.0462858567037349 0.139132332580837 0.111748028888935 0.157169089041735 0.124948304838667 0.157375070064244 0.00842986701884778 0.064008128016256 0.0554933737149522
"hand" 0.121840115034631 0.0799012775326485 0.0830771786990114 0.121399780389161 0.100366285205803 0.0855871276959945 0.0923913521694369 0.0862329151036951 0.0800837366790539 0.0589281178562357 0.0902943029938205
"zwei" 0.076836108580398 0.0799012775326485 0.0985057976002564 0.0832065910532454 0.0631169422428243 0.108929071613084 0.0932712698091459 0.0797654464709179 0.106075826653835 0.101600203200406 0.0968782625871199
"damit" 0.0625665455583241 0.0710233578067987 0.0890112628917979 0.115261589245889 0.114852140802516 0.0848090628987582 0.0809524228532209 0.103479498124434 0.0828936923520032 0.094488188976378 0.100640525211862
"meine" 0.0076836108580398 0.0426140146840792 0.275341506545295 0.0204606371442407 0.124164476543261 0.0217858143226168 0.011438929316216 0.017246583020739 0.0189672007924075 0.133096266192532 0.374345131161881
"haus" 0.147086264996762 0.0843402373955735 0.0747694608291102 0.092072867149083 0.065186350185212 0.17739877376988 0.0589544818604979 0.0495839261846247 0.0716538696602061 0.0467360934721869 0.0705424242139222
"gesagt" 0.116351821564603 0.0816768614778185 0.119868500694288 0.0600178689564393 0.109678620946547 0.0536864710093057 0.0844720934120566 0.0452722804294399 0.0667364472325449 0.0965201930403861 0.140144282771659
"sehen" 0.0987892824605117 0.0949937410665933 0.0522199408965214 0.101621164483062 0.0744986859259566 0.064579378170614 0.102950363845944 0.0862329151036951 0.123638049609767 0.0599441198882398 0.0601962019958803
"keine" 0.0680548390283525 0.0648088139987038 0.118681683855731 0.0961649945779312 0.0693251660699874 0.0762503501291588 0.12230855191954 0.101323675246842 0.0533891577860359 0.0924561849123698 0.0799480807757786
"mußte" 0.10427757593054 0.0417262227114942 0.0830771786990114 0.0982110582923552 0.0858804296090888 0.121378108368865 0.0932712698091459 0.0754538007157332 0.0119423116100344 0.0904241808483617 0.106283919148976
"karl" 0 0.29385914292563 0.0201758862554742 0.00204606371442407 0.00931233574074457 0.00155612959447263 0 0 0.390583838539947 0.0223520447040894 0.0122273535304132
"lassen" 0.0724454738043753 0.0683599818890438 0.0842639955375687 0.102303185721203 0.0765680938683443 0.0715819613457409 0.0959110227282726 0.0840770922261027 0.0814887145155285 0.079248158496317 0.0733641211824791
"dachte" 0.109765869400569 0.00443895986292492 0.0284836041253753 0.120035737912879 0.0486310866461106 0.187513616133952 0.183022869059456 0.183244944595352 0.00210746675471194 0.0375920751841504 0.0206924444360839
"kommt" 0.0493946412302559 0.168680474791147 0.058154025089308 0.0429673380029054 0.0631169422428243 0.0225638791198531 0.0448757996251551 0.0301815202862933 0.224796453835941 0.0619761239522479 0.061136767652066
"leute" 0.097691623766506 0.0665843979438738 0.103253064954486 0.0641099963852874 0.0713945740123751 0.052130341414833 0.117908963720996 0.0754538007157332 0.0681414250690195 0.141224282448565 0.0583150706835091
"geht" 0.038418054290199 0.157139179147542 0.0664617429592091 0.0456954229554708 0.0610475343004366 0.0342348510783978 0.0378364585074837 0.0280256974087009 0.219176542490042 0.0772161544323089 0.0545528080587665
"gab" 0.100984599848523 0.0514919344099291 0.0783299113447822 0.105031270673769 0.0879498375514765 0.0832529333042856 0.101190528566526 0.142284309921097 0.0147522672829836 0.0802641605283211 0.0893537373376349
"alexander" 0 0 0.00118681683855731 0.00409212742884813 0 0.0536864710093057 0.754969334870256 0 0.000702488918237315 0 0
"hin" 0.0987892824605117 0.0799012775326485 0.0735826439905529 0.0811605273388213 0.0734639819547627 0.0746942205346861 0.0888716816106012 0.0732979778381408 0.062521513723121 0.0782321564643129 0.0912348686500061
"muß" 0.0373203955961933 0.169568266763732 0.0367913219952765 0.0436493592410468 0.0672557581275997 0.0334567862811615 0.0387163761471926 0.0409606346742552 0.21987903140828 0.0883921767843536 0.0310386666541258
"ihnen" 0.113058845482586 0.0807890695052335 0.042725406188063 0.0832065910532454 0.0703598700411812 0.0995922940462482 0.0932712698091459 0.0646746863277713 0.0835961812702405 0.0812801625603251 0.0319792323103114
"wär" 0.0285391260441478 0.0319605110130594 0.25991288764405 0.0770683999099732 0.111748028888935 0.0466838878341788 0.0316770350295212 0.051739749062217 0.0280995567294926 0.156464312928626 0.0902943029938205
"ohne" 0.073543132498381 0.0639210220261188 0.0486594903808495 0.102985206959345 0.0796722057819258 0.101148423640721 0.0765528346546763 0.0840770922261027 0.0765712920878673 0.0762001524003048 0.0564339393711378
"machen" 0.076836108580398 0.0603698541357789 0.085450812376126 0.0736582937192664 0.0827763176955073 0.0746942205346861 0.0879917639708923 0.0689863320829561 0.0744638253331554 0.0782321564643129 0.0846509090567067
"vater" 0.0219531738801137 0.136719963778088 0.119868500694288 0.051833614098743 0.0517351985596921 0.0264542031060347 0.0202381057133052 0.0495839261846247 0.0934310261255629 0.0436880873761748 0.22385462617218
"wollte" 0.114156504176591 0.0363994708759843 0.0830771786990114 0.0913908459109417 0.0838110216667012 0.0964800348573029 0.0941511874488548 0.0819212693485103 0.0168597340376956 0.0812801625603251 0.086532040369078
"menschen" 0.10427757593054 0.055043102300269 0.0403517725109484 0.0450134017173295 0.123129772572067 0.079362609318104 0.121428634279831 0.133661018410727 0.0639264915595956 0.0741681483362967 0.0442065858407246
"hätten" 0.0439063477602274 0.0150924635339447 0.205319313070414 0.0559257415275912 0.084845725637895 0.0933677756683577 0.0607143171399157 0.109946966757211 0.0126448005282717 0.103632207264415 0.123214100960318
"nein" 0.0724454738043753 0.0949937410665933 0.100879431277371 0.0422853167647641 0.0527699025308859 0.0591329245899599 0.0871118463311834 0.0452722804294399 0.106075826653835 0.0650241300482601 0.0959376969309343
"zeit" 0.0779337672744037 0.0790134855600636 0.0818903618604541 0.0811605273388213 0.0724292779835689 0.0653574429678504 0.0827122581326388 0.0625188634501789 0.0765712920878673 0.0904241808483617 0.0554933737149522
"junge" 0.0998869411545174 0.0656966059712888 0.0735826439905529 0.0688841450522769 0.0776027978395381 0.0435716286452336 0.068633575897296 0.051739749062217 0.123638049609767 0.0487680975361951 0.0818292120881498
"weil" 0.0340274195141763 0.0896669892310834 0.058154025089308 0.092072867149083 0.0931233574074457 0.0770284149263951 0.0615942347796246 0.0668305092053637 0.108885782326784 0.0599441198882398 0.0460877171530959
"tag" 0.073543132498381 0.0745745256971386 0.0771430945062248 0.0832065910532454 0.0838110216667012 0.0809187389125766 0.0536749760222443 0.0452722804294399 0.0772737810061046 0.094488188976378 0.0545528080587665
"kein" 0.0867150368264492 0.0443895986292492 0.070022193474881 0.082524569815104 0.0672557581275997 0.0762503501291588 0.11438929316216 0.0905445608588798 0.0547941356225106 0.079248158496317 0.0564339393711378
"sagen" 0.0790314259684094 0.0878914052859134 0.0842639955375687 0.0606998901945807 0.0693251660699874 0.0513522766175967 0.0668737406178782 0.0538955719398094 0.0842986701884778 0.115824231648463 0.0564339393711378
"eines" 0.0504922999242615 0.055043102300269 0.0486594903808495 0.0688841450522769 0.091053949465058 0.0972580996545392 0.0932712698091459 0.0582072176949942 0.087108625861427 0.0914401828803658 0.0376226262474252
"eben" 0.0801290846624151 0.0417262227114942 0.058154025089308 0.103667228197486 0.0631169422428243 0.0575767949954872 0.091511434529728 0.0625188634501789 0.0723563585784434 0.064008128016256 0.0790075151195929
"kopf" 0.0801290846624151 0.109198412627953 0.0723958271519956 0.0627459539090047 0.0465616787037229 0.0583548597927235 0.0466356349045729 0.051739749062217 0.0857036480249524 0.0690881381762763 0.0959376969309343
"worden" 0.114156504176591 0.0186436314242847 0.0783299113447822 0.102303185721203 0.0796722057819258 0.0785845445208677 0.105590116765071 0.107791143879619 0.0252896010565433 0.0609601219202438 0.0451471514969102
"dort" 0.15257455846679 0.0470529745470041 0.0284836041253753 0.0948009521016484 0.0755333898971504 0.0529084062120693 0.0976708580076905 0.0603630405725866 0.0702488918237315 0.0487680975361951 0.0272764040293833
"ihre" 0.105375234624546 0.0727989417519687 0.042725406188063 0.0634279751471461 0.0662210541564058 0.0754722853319224 0.0651139053384603 0.105635321002026 0.0786787588425793 0.0579121158242316 0.043266020184539
"bis" 0.059273569476307 0.0790134855600636 0.0818903618604541 0.082524569815104 0.0600128303292428 0.0513522766175967 0.0642339876987514 0.0452722804294399 0.0561991134589852 0.0883921767843536 0.076185818151036
"weiß" 0.0537852760062786 0.115412956436048 0.0676485597977664 0.0443313804791881 0.0434575667901413 0.0373471102673431 0.0351967055883569 0.0323373431638857 0.149630139584548 0.0995681991363983 0.0395037575597965
"nie" 0.0911056716024719 0.0674721899164588 0.0676485597977664 0.0668380813378529 0.0579434223868551 0.0622451837789051 0.0827122581326388 0.0582072176949942 0.0456617796854255 0.0741681483362967 0.0818292120881498
"drei" 0.0504922999242615 0.0639210220261188 0.0498463072194068 0.0832065910532454 0.105539805061772 0.0560206654010146 0.0422360467060283 0.0776096235933256 0.0744638253331554 0.0924561849123698 0.0536122424025809
"denen" 0.0373203955961933 0.0674721899164588 0.0415385893495057 0.0620639326708634 0.0993315812346088 0.0638013133733777 0.0695134935370049 0.125037726900358 0.0800837366790539 0.0711201422402845 0.0385631919036108
"fragte" 0.107570552012557 0.00799012775326485 0.058154025089308 0.0852526547676695 0.0744986859259566 0.081696803709813 0.0959110227282726 0.0754538007157332 0 0.0701041402082804 0.0987593938994911
"wer" 0.0614688868643184 0.056818686245439 0.0949453470845844 0.0620639326708634 0.065186350185212 0.0490180822258878 0.0545548936619532 0.034493166041478 0.0653314693960703 0.0924561849123698 0.0874726060252636
"eigentlich" 0.0515899586182672 0.0914425731762533 0.0652749261206518 0.0866166972439522 0.0631169422428243 0.0505742118203604 0.045755717264864 0.0625188634501789 0.0653314693960703 0.0741681483362967 0.0601962019958803
"kleine" 0.05598059339429 0.0914425731762533 0.0569672082507507 0.0450134017173295 0.0579434223868551 0.0490180822258878 0.0501553054634086 0.0625188634501789 0.123638049609767 0.0579121158242316 0.0573745050273234
"herr" 0.0581759107823014 0.102096076847273 0.0652749261206518 0.0409212742884813 0.0300064151646214 0.0404593694562883 0.0413561290663194 0.0409606346742552 0.172109784968142 0.0193040386080772 0.0658395959329941
"sogar" 0.0922033302964776 0.0692477738616287 0.0617144756049799 0.0593358477182979 0.0620822382716305 0.054464535806542 0.0659938229781692 0.0603630405725866 0.0744638253331554 0.0711201422402845 0.0489094141216528
"beim" 0.0340274195141763 0.0488285584921741 0.0759562776676675 0.0879807397202349 0.0713945740123751 0.0630232485761414 0.0387163761471926 0.0323373431638857 0.0540916467042732 0.0924561849123698 0.0987593938994911
"diesem" 0.0691524977223582 0.0585942701906089 0.0213627030940315 0.0654740388615701 0.0796722057819258 0.101926488437957 0.0730331640958406 0.105635321002026 0.0821912034337658 0.0457200914401829 0.0122273535304132
"lange" 0.102082258542529 0.0790134855600636 0.0450990398651776 0.0470594654317535 0.0600128303292428 0.052130341414833 0.0624741524193336 0.0474281033070323 0.0737613364149181 0.0599441198882398 0.0714829898701079
"beiden" 0.0812267433564208 0.054155310327684 0.015428618901245 0.051833614098743 0.065186350185212 0.129936821138464 0.0475155525442819 0.097012029491657 0.102563382062648 0.0264160528321057 0.0169301818113413
"schön" 0.05598059339429 0.0843402373955735 0.0925717134074698 0.049787550384319 0.0620822382716305 0.0381251750645794 0.0290372821103945 0.0388048117966628 0.0765712920878673 0.0670561341122682 0.103462222180419
"wurden" 0.05598059339429 0.0426140146840792 0.0640881092820945 0.0743403149574078 0.0838110216667012 0.0676916373595593 0.0721532464561317 0.0776096235933256 0.0140497783647463 0.11988823977648 0.0526716767463953
"fenster" 0.0713478151103696 0.0585942701906089 0.0486594903808495 0.0913908459109417 0.0517351985596921 0.0505742118203604 0.0545548936619532 0.0582072176949942 0.0632240026413583 0.0508001016002032 0.0724235555262935
"selbst" 0.0537852760062786 0.0612576461083639 0.0510331240579641 0.0647920176234288 0.0765680938683443 0.0638013133733777 0.0677536582575871 0.034493166041478 0.0561991134589852 0.0965201930403861 0.043266020184539
"müssen" 0.0702501564163639 0.0621454380809489 0.0545935745736361 0.0566077627657325 0.058978126358049 0.0715819613457409 0.0721532464561317 0.0538955719398094 0.0618190248048837 0.0497840995681991 0.0601962019958803
"wäre" 0.0790314259684094 0.0399506387663243 0.0320440546410472 0.0531976565750257 0.0289717111934276 0.0801406741153403 0.0967909403679816 0.0862329151036951 0.0421493350942389 0.0609601219202438 0.0837103434005211
"tür" 0.0922033302964776 0.0497163504647591 0.0593408419278653 0.0675201025759942 0.0444922707613352 0.0482400174286515 0.0607143171399157 0.0388048117966628 0.0660339583143076 0.079248158496317 0.0479688484654671
"will" 0.0241484912681251 0.131393211942578 0.0415385893495057 0.0354651043833505 0.0403534548765598 0.0241200087143257 0.0404762114266105 0.0129349372655543 0.153845073093972 0.0589281178562357 0.0413848888721677
"ihren" 0.0812267433564208 0.055930894272854 0.0308572378024899 0.0559257415275912 0.0858804296090888 0.0599109893871962 0.0448757996251551 0.0905445608588798 0.0835961812702405 0.0396240792481585 0.0404443232159821
"erst" 0.0537852760062786 0.0843402373955735 0.0557803914121934 0.0675201025759942 0.0434575667901413 0.0497961470231241 0.0563147289413711 0.0474281033070323 0.0611165358866464 0.064008128016256 0.0620773333082516
"ganze" 0.0417110303722161 0.0727989417519687 0.0901980797303552 0.0491055291461776 0.0538046065020798 0.0505742118203604 0.0492753878236997 0.0237140516535161 0.0632240026413583 0.0741681483362967 0.076185818151036
"hinter" 0.0987892824605117 0.057706478218024 0.0605276587664226 0.0627459539090047 0.0538046065020798 0.0505742118203604 0.0554348113016622 0.0323373431638857 0.0639264915595956 0.0538481076962154 0.0545528080587665
"sollte" 0.097691623766506 0.0337360949582294 0.0735826439905529 0.0593358477182979 0.0579434223868551 0.0567987301982509 0.0695134935370049 0.0603630405725866 0.0323144902389165 0.0731521463042926 0.061136767652066
"jungen" 0.0965939650725004 0.054155310327684 0.027296787286818 0.0702481875285596 0.0662210541564058 0.0389032398618157 0.0589544818604979 0.0280256974087009 0.0835961812702405 0.062992125984252 0.0338603636226827
"ließ" 0.100984599848523 0.0150924635339447 0.0486594903808495 0.0845706335295281 0.0600128303292428 0.0871432572904672 0.0809524228532209 0.0797654464709179 0.00772737810061046 0.0406400812801626 0.0536122424025809
"sagt" 0.00658595216403412 0.162465930983052 0.00712090103134383 0.0061381911432722 0.0217287833950707 0.0054464535806542 0.00967909403679816 0.0129349372655543 0.273268189194315 0.0274320548641097 0.0094056565618563
"kommen" 0.0417110303722161 0.0825646534504035 0.0652749261206518 0.0538796778131671 0.0403534548765598 0.0560206654010146 0.0378364585074837 0.0409606346742552 0.0807862255972912 0.0721361442722885 0.0470282828092815
"andere" 0.0658595216403411 0.053267518355099 0.058154025089308 0.0586538264801566 0.0569087184156613 0.0599109893871962 0.0563147289413711 0.051739749062217 0.0484717353583747 0.0680721361442723 0.0545528080587665
