"cb_jauche_1975" "cb_quints_1985" "cb_tessin_1960" "cw_kindheitsmuster_1976" "cw_medea_1996" "cw_nachdenken_1968" "gg_blechtrommel_1959" "gg_raettin_1986" "gg_schnecke_1972" "hb_clown_1963" "hb_frauen_1975" "hb_gruppenbild_1971" "wk_aussicht_1981" "wk_gold_1972" "wk_gruesse_2003" "wk_heilewelt_1998" "wk_hundstage_1988" "wk_kapitel_1975" "wk_markbein_1991" "wk_tadel_1971" "wk_umsonst_2006" "wk_willkommen_1984" "wk_zeit_1978"
"und so weiter und" 0.0020606023140564 0 0 0 0 0 0.00197262976205153 0 0 0.00135974871843683 0.00176099742894375 0.00452314720582581 0.0021075111698092 0.00237371819217622 0.00527964520784203 0.00750238712317556 0.00622466367364088 0.00304809900225559 0.00215596231377876 0.000940592196847135 0.00878155872667398 0.00724315263392072 0.0044390780922618
"in der hand und" 0 0.0022502756587682 0.00195064859065639 0.000665318288269108 0 0 0.000493157440512884 0 0 0.00135974871843683 0.00176099742894375 0 0.00491752606288813 0.00237371819217622 0.00351976347189469 0.00204610557904788 0.00311233183682044 0.00304809900225559 0.00646788694133627 0.000940592196847135 0.00109769484083425 0.00413894436224041 0.00621470932916652
"die sache mit dem" 0 0 0.00390129718131279 0.00133063657653822 0 0 0 0 0 0.00135974871843683 0 0.000753857867637636 0.00351251861634867 0 0.00175988173594734 0.00545628154412768 0.00933699551046132 0.00203206600150373 0 0.000940592196847135 0.00109769484083425 0.00827788872448082 0
"so weiter und so" 0.0020606023140564 0 0 0 0 0 0.00197262976205153 0 0 0 0 0 0.000702503723269733 0.00118685909608811 0.00439970433986836 0.00613831673714364 0.00155616591841022 0.00203206600150373 0.00215596231377876 0 0.00548847420417124 0.00517368045280051 0.00355126247380944
"was das für ein" 0 0.0011251378293841 0 0 0 0.0018555285473067 0 0 0 0.00135974871843683 0 0 0.0042150223396184 0.00118685909608811 0.00527964520784203 0.00409221115809576 0.00389041479602555 0 0.0107798115688938 0.000940592196847135 0.00109769484083425 0.00413894436224041 0.00177563123690472
"gar nicht so einfach" 0 0 0 0 0 0 0.00147947232153865 0 0 0 0.00176099742894375 0.00150771573527527 0.00702503723269733 0.00118685909608811 0.00263982260392102 0.00272814077206384 0.00233424887761533 0.00101603300075186 0.00215596231377876 0.000940592196847135 0.00329308452250274 0.00206947218112021 0.00177563123690472
"und ab und zu" 0 0 0 0 0 0 0.000493157440512884 0 0.00138525260081176 0 0 0 0.00281001489307893 0.00593429548044056 0.00263982260392102 0.00272814077206384 0.00233424887761533 0.00101603300075186 0 0 0.0021953896816685 0.00827788872448082 0.00355126247380944
"das war die frage" 0 0 0 0 0 0.0018555285473067 0 0 0 0 0 0 0.000702503723269733 0.00474743638435245 0.00703952694378938 0.00409221115809576 0.00077808295920511 0 0.00646788694133627 0.00188118439369427 0.00878155872667398 0.0010347360905601 0
"die sache mit den" 0.0010303011570282 0 0.00195064859065639 0 0 0 0 0 0 0 0 0 0.00351251861634867 0.00237371819217622 0.000879940867973672 0.00477424635111172 0.00311233183682044 0.00101603300075186 0.00431192462755751 0.000940592196847135 0.0021953896816685 0.00827788872448082 0
"ich weiß nicht ob" 0 0.0011251378293841 0.00975324295328197 0 0 0.0037110570946134 0.0029589446430773 0.000820937181886842 0.00277050520162352 0.00543899487374733 0.00528299228683126 0.000753857867637636 0 0 0 0 0.00077808295920511 0.00304809900225559 0 0.000940592196847135 0 0 0.00266344685535708
"mitten in der nacht" 0 0 0 0.00399190972961465 0.00201296348484238 0 0 0 0 0.00135974871843683 0 0.000753857867637636 0.00281001489307893 0 0.00175988173594734 0.0034101759650798 0.00311233183682044 0 0 0.00376236878738854 0.0021953896816685 0 0.00088781561845236
"sagte meine mutter und" 0 0 0 0 0 0 0 0 0 0 0 0 0 0.0130554500569692 0 0 0 0 0 0.0159900673464013 0 0.00310420827168031 0
"von der mir träumt" 0 0 0 0 0 0 0 0.0254490526384921 0 0 0 0 0 0 0 0 0 0 0 0 0 0 0
"die rättin von der" 0 0 0 0 0 0 0 0.0246281154566053 0 0 0 0 0 0 0 0 0 0 0 0 0 0 0
"stellte sich heraus daß" 0.0020606023140564 0.0033754134881523 0 0.00133063657653822 0 0.0055665856419201 0 0 0 0.00135974871843683 0 0 0 0 0.00175988173594734 0.00272814077206384 0.00155616591841022 0.00101603300075186 0.00431192462755751 0.000940592196847135 0.0021953896816685 0.00517368045280051 0
"weiter und so fort" 0 0 0 0 0 0 0 0 0 0 0 0 0.000702503723269733 0.00118685909608811 0.00263982260392102 0.00545628154412768 0.00155616591841022 0.00203206600150373 0.00215596231377876 0 0.00329308452250274 0.00517368045280051 0.00355126247380944
"die sache mit der" 0 0 0 0 0 0 0 0 0 0 0.00176099742894375 0.000753857867637636 0.0021075111698092 0.00118685909608811 0.000879940867973672 0.00136407038603192 0.0077808295920511 0.00101603300075186 0 0.000940592196847135 0.00109769484083425 0.00517368045280051 0.00177563123690472
"rättin von der mir" 0 0 0 0 0 0 0 0.0238071782747184 0 0 0 0 0 0 0 0 0 0 0 0 0 0 0
"es war einmal ein" 0 0.0022502756587682 0 0 0 0 0.0108494636912834 0.00246281154566053 0 0 0 0 0 0 0 0 0 0 0 0 0 0 0
"hin und her und" 0 0 0 0 0 0 0.000493157440512884 0 0 0.0040792461553105 0.00176099742894375 0 0.0021075111698092 0.00237371819217622 0.00351976347189469 0.00204610557904788 0.00155616591841022 0.00101603300075186 0 0.000940592196847135 0.00439077936333699 0.0010347360905601 0.00088781561845236
"in die küche und" 0 0.0011251378293841 0.00390129718131279 0 0 0 0.000493157440512884 0 0 0.00135974871843683 0 0 0 0.00237371819217622 0.000879940867973672 0.00272814077206384 0.00233424887761533 0.00101603300075186 0.00215596231377876 0.000940592196847135 0.00439077936333699 0.0010347360905601 0.00355126247380944
"daß es sich um" 0.0041212046281128 0.0090011026350728 0.00195064859065639 0 0 0 0.000493157440512884 0 0 0 0.00176099742894375 0.00226157360291291 0 0 0.00175988173594734 0.00068203519301596 0.00155616591841022 0 0.00215596231377876 0 0.0021953896816685 0 0
"von zeit zu zeit" 0.0020606023140564 0 0.00390129718131279 0 0 0 0.0029589446430773 0 0 0 0 0.000753857867637636 0.000702503723269733 0.00118685909608811 0.000879940867973672 0.00204610557904788 0.00233424887761533 0.00101603300075186 0 0.00188118439369427 0.00109769484083425 0.0010347360905601 0.00088781561845236
"aus der tasche und" 0.0010303011570282 0.0022502756587682 0 0 0 0 0 0 0 0.00271949743687367 0.00176099742894375 0 0.00140500744653947 0 0.00263982260392102 0.00068203519301596 0 0.00101603300075186 0.00215596231377876 0.00282177659054141 0.00439077936333699 0 0.00266344685535708
"ganz in der nähe" 0.0030909034710846 0.0011251378293841 0.00195064859065639 0.000665318288269108 0 0 0.000493157440512884 0 0.00138525260081176 0 0 0 0.0021075111698092 0 0.00527964520784203 0.00136407038603192 0.00155616591841022 0 0 0 0.00109769484083425 0.0010347360905601 0.00088781561845236
"gar nicht so schlecht" 0 0 0.00390129718131279 0.000665318288269108 0 0 0.000493157440512884 0.000820937181886842 0 0.00135974871843683 0.00176099742894375 0.00150771573527527 0.0021075111698092 0.00356057728826434 0.000879940867973672 0.00136407038603192 0.00077808295920511 0.00101603300075186 0 0.00282177659054141 0 0 0.00088781561845236
"hand auf die schulter" 0 0 0 0.00133063657653822 0 0.0037110570946134 0 0 0 0.00679874359218416 0 0.000753857867637636 0 0 0.00175988173594734 0.00204610557904788 0.00155616591841022 0 0 0.000940592196847135 0.00548847420417124 0.0010347360905601 0
"auf der anderen seite" 0 0.0011251378293841 0.00195064859065639 0 0.00201296348484238 0.0018555285473067 0.000986314881025767 0 0 0.00135974871843683 0 0 0.00140500744653947 0 0.00175988173594734 0.00068203519301596 0.00311233183682044 0.00304809900225559 0 0 0 0.0010347360905601 0.00266344685535708
"der alte herr kempowski" 0 0 0 0 0 0 0 0 0 0 0 0 0.00983505212577627 0 0 0 0 0 0 0 0 0 0.00799034056607124
"die hand auf die" 0.0010303011570282 0 0 0.00133063657653822 0.00201296348484238 0.0037110570946134 0 0 0 0.00543899487374733 0 0.00150771573527527 0 0 0.000879940867973672 0.00204610557904788 0.00077808295920511 0 0 0.00188118439369427 0.00439077936333699 0 0
"in der mitte des" 0 0 0 0.000665318288269108 0 0.0018555285473067 0.0029589446430773 0.000820937181886842 0 0.00135974871843683 0 0 0.000702503723269733 0.00118685909608811 0.00175988173594734 0.00068203519301596 0.00155616591841022 0 0 0.00188118439369427 0.00109769484083425 0 0.00266344685535708
"kaum einen finger breit" 0 0 0 0 0 0 0 0 0 0 0 0 0 0 0.00703952694378938 0 0.0116712443880767 0 0 0 0 0 0
"man sich mal vorstellen" 0 0 0 0 0 0 0 0 0 0 0 0 0.000702503723269733 0.00593429548044056 0.00263982260392102 0.00204610557904788 0.00077808295920511 0.00101603300075186 0.00431192462755751 0.00282177659054141 0 0.00310420827168031 0.00088781561845236
"oder was weiß ich" 0 0 0 0 0 0 0 0 0 0 0 0.00376928933818818 0 0.00237371819217622 0 0 0 0.0121923960090224 0 0.000940592196847135 0.00109769484083425 0.00206947218112021 0
"schon lange nicht mehr" 0 0 0 0 0 0 0.000493157440512884 0.000820937181886842 0 0.00135974871843683 0.00176099742894375 0.00226157360291291 0.000702503723269733 0.00237371819217622 0.00263982260392102 0.00272814077206384 0 0 0 0.000940592196847135 0.0021953896816685 0.0010347360905601 0.00177563123690472
"auf dem kopf und" 0 0 0 0.000665318288269108 0 0 0 0 0 0.00135974871843683 0 0 0.0042150223396184 0 0.00175988173594734 0.00204610557904788 0.00077808295920511 0.00101603300075186 0.00431192462755751 0.000940592196847135 0.0021953896816685 0 0.00177563123690472
"die hände auf dem" 0.0061818069421692 0.0011251378293841 0 0.000665318288269108 0 0 0 0 0 0 0 0 0.00140500744653947 0.00356057728826434 0.000879940867973672 0.00272814077206384 0.00077808295920511 0.00203206600150373 0 0 0 0 0.00088781561845236
"er stellte sich vor" 0 0 0 0 0 0 0 0 0 0 0 0 0 0 0.00175988173594734 0.00204610557904788 0.00933699551046132 0 0.00862384925511502 0 0.00109769484083425 0 0
"es handelte sich um" 0.0020606023140564 0.0033754134881523 0 0.00199595486480732 0 0 0.000493157440512884 0 0 0 0 0 0 0 0.00263982260392102 0.00272814077206384 0.00233424887761533 0 0.00646788694133627 0 0 0 0
"ging in die küche" 0 0 0.00975324295328197 0 0 0.0018555285473067 0.000986314881025767 0 0 0.00951824102905783 0.00176099742894375 0 0 0 0.000879940867973672 0.00068203519301596 0.00233424887761533 0 0.00215596231377876 0 0 0 0
"hände auf dem rücken" 0.0061818069421692 0.0011251378293841 0 0.000665318288269108 0 0 0 0 0 0 0 0 0.000702503723269733 0.00356057728826434 0.000879940867973672 0.00204610557904788 0.00077808295920511 0.00304809900225559 0 0.000940592196847135 0 0 0.00088781561845236
"hin und wieder ein" 0 0 0 0.00133063657653822 0 0.0018555285473067 0 0 0 0 0.00176099742894375 0.00980015227928926 0 0 0.000879940867973672 0.00068203519301596 0 0 0 0.000940592196847135 0 0.0010347360905601 0.00088781561845236
"in die hand und" 0 0.0011251378293841 0.00585194577196918 0 0 0 0 0 0 0 0 0.000753857867637636 0 0.00118685909608811 0 0.00477424635111172 0.00077808295920511 0 0.00431192462755751 0 0.00329308452250274 0.0010347360905601 0.00177563123690472
"man ja gar nicht" 0 0 0.00390129718131279 0 0 0 0 0 0 0 0 0 0.0021075111698092 0.00118685909608811 0.000879940867973672 0 0 0.00304809900225559 0 0.00658414537792994 0 0.00206947218112021 0.00266344685535708
"und er dachte an" 0 0 0 0 0 0 0 0 0 0 0 0 0 0 0.00439970433986836 0.00068203519301596 0.00544658071443577 0 0.00431192462755751 0 0.00658616904500549 0.0010347360905601 0
"was das für eine" 0 0 0 0 0 0.0018555285473067 0 0 0 0 0 0 0.00140500744653947 0.00237371819217622 0.00263982260392102 0.00272814077206384 0.00233424887761533 0 0 0 0 0.00413894436224041 0.00266344685535708
"auf den tisch und" 0.0010303011570282 0 0.00390129718131279 0 0 0 0 0 0 0.00135974871843683 0 0 0.0021075111698092 0.00118685909608811 0.00175988173594734 0.00136407038603192 0.00233424887761533 0.00101603300075186 0.00431192462755751 0 0.0021953896816685 0 0.00088781561845236
"er für seine person" 0.0010303011570282 0 0 0 0 0 0 0 0 0 0 0 0 0.00118685909608811 0.00263982260392102 0.00272814077206384 0.00466849775523066 0.00304809900225559 0 0.00282177659054141 0 0 0
"ich weiß nicht was" 0 0.0011251378293841 0.00195064859065639 0 0.00402592696968477 0.0037110570946134 0 0.000820937181886842 0 0 0.00704398971577502 0 0.000702503723269733 0.00118685909608811 0 0 0 0.00203206600150373 0 0.00188118439369427 0 0.0010347360905601 0.00266344685535708
"oder wie oder was" 0 0 0 0 0 0 0 0 0 0 0 0 0.000702503723269733 0 0.000879940867973672 0.00409221115809576 0.00233424887761533 0.00304809900225559 0.00215596231377876 0 0.0021953896816685 0.0010347360905601 0.00266344685535708
"setzte sich an den" 0.0010303011570282 0.0011251378293841 0 0 0 0 0 0 0 0 0 0 0 0.00118685909608811 0.00439970433986836 0.00068203519301596 0.00466849775523066 0.00101603300075186 0.00215596231377876 0 0.00439077936333699 0 0
"so als ob sie" 0.0010303011570282 0 0 0 0 0 0 0 0 0 0 0 0.00140500744653947 0 0.00175988173594734 0.00068203519301596 0.00311233183682044 0 0.00215596231377876 0 0.0021953896816685 0.00620841654336062 0.00177563123690472
"was ist das für" 0.0010303011570282 0.0045005513175364 0.00390129718131279 0 0 0 0 0 0 0 0.00352199485788751 0.00527700507346345 0 0.00237371819217622 0 0.00068203519301596 0 0 0 0.000940592196847135 0 0 0.00088781561845236
"wer konnte denn wissen" 0 0 0 0 0 0 0 0 0 0 0 0 0 0 0.00351976347189469 0.00409221115809576 0.00233424887761533 0 0 0.00188118439369427 0.00658616904500549 0 0
"das ja nun nicht" 0 0 0 0 0 0 0 0 0 0 0 0 0.00491752606288813 0 0 0.00204610557904788 0.00077808295920511 0.00101603300075186 0 0.000940592196847135 0 0.00517368045280051 0.00177563123690472
"es stellte sich heraus" 0.0010303011570282 0.0033754134881523 0 0.000665318288269108 0 0.0037110570946134 0 0 0 0 0 0 0 0 0.000879940867973672 0.00272814077206384 0.00077808295920511 0 0.00431192462755751 0 0.00109769484083425 0.00413894436224041 0
"ich weiß nicht wie" 0 0 0.00390129718131279 0 0.00603889045452715 0.0018555285473067 0.00246578720256442 0 0 0.00271949743687367 0.00352199485788751 0.000753857867637636 0 0.00118685909608811 0 0 0 0.00203206600150373 0 0 0 0 0.00088781561845236
"klare sache und damit" 0 0 0 0 0 0 0 0 0 0 0 0 0.000702503723269733 0.00118685909608811 0 0 0 0.00304809900225559 0 0.0122276985590128 0 0.00206947218112021 0
"sache und damit hopp" 0 0 0 0 0 0 0 0 0 0 0 0 0.000702503723269733 0.00118685909608811 0 0 0 0.00304809900225559 0 0.0122276985590128 0 0.00206947218112021 0
"so als ob er" 0 0 0 0 0 0 0 0 0 0 0 0 0.0021075111698092 0.00118685909608811 0 0.00068203519301596 0.00155616591841022 0.00304809900225559 0.00431192462755751 0.000940592196847135 0.00548847420417124 0 0.00177563123690472
"von oben bis unten" 0.0010303011570282 0 0 0 0 0 0.000493157440512884 0 0 0.00271949743687367 0 0.00301543147055054 0.00140500744653947 0 0.00351976347189469 0 0 0.00203206600150373 0 0 0 0.00206947218112021 0.00177563123690472
"wie eh und je" 0.0010303011570282 0 0 0 0.00201296348484238 0 0.000493157440512884 0.00164187436377368 0 0 0 0.000753857867637636 0 0 0 0.00204610557904788 0 0 0 0.000940592196847135 0 0.00310420827168031 0.00621470932916652
"ab und zu ein" 0 0 0 0 0 0 0 0 0 0 0 0 0.00281001489307893 0.00118685909608811 0.00527964520784203 0.00068203519301596 0.00077808295920511 0.00304809900225559 0 0.000940592196847135 0.0021953896816685 0 0
"an der wand hing" 0 0.0022502756587682 0 0.000665318288269108 0 0 0.000493157440512884 0 0 0 0 0 0 0.00118685909608811 0.00263982260392102 0.00204610557904788 0.00155616591841022 0 0.00215596231377876 0.000940592196847135 0.00329308452250274 0.0010347360905601 0
"auf die idee gekommen" 0 0 0 0 0.00201296348484238 0 0 0 0 0.00135974871843683 0.00176099742894375 0.00301543147055054 0.000702503723269733 0 0.00175988173594734 0.00068203519301596 0.00233424887761533 0.00101603300075186 0.00431192462755751 0.000940592196847135 0 0 0.00088781561845236
"es handelt sich um" 0.0010303011570282 0.0045005513175364 0.00390129718131279 0.00133063657653822 0 0 0 0.00164187436377368 0.00138525260081176 0 0 0.00527700507346345 0 0 0 0 0 0 0 0 0 0 0
"handelte es sich um" 0.0020606023140564 0.0045005513175364 0 0.000665318288269108 0 0 0 0 0 0 0 0.00150771573527527 0 0 0.00263982260392102 0.00204610557904788 0.00233424887761533 0 0.00215596231377876 0 0 0 0
"in der küche und" 0 0 0 0 0 0 0.00147947232153865 0 0 0.00271949743687367 0 0.000753857867637636 0.00140500744653947 0.00118685909608811 0 0.00068203519301596 0.00155616591841022 0.00101603300075186 0.00431192462755751 0 0.0021953896816685 0 0.00177563123690472
"in der nähe des" 0.0030909034710846 0.0033754134881523 0 0 0.00201296348484238 0 0.00197262976205153 0 0 0.00271949743687367 0 0.00150771573527527 0 0 0 0.00068203519301596 0.00077808295920511 0 0 0.000940592196847135 0 0 0.00088781561845236
"sagte meine mutter das" 0 0 0 0 0 0 0 0 0 0 0 0 0 0.00712115457652867 0 0 0 0 0 0.0122276985590128 0 0 0
"so in diesem stil" 0 0 0 0 0 0 0 0 0 0 0 0 0.000702503723269733 0 0.000879940867973672 0.00272814077206384 0.00544658071443577 0 0 0 0.0021953896816685 0.00413894436224041 0
"stellte sich vor daß" 0 0 0 0 0 0 0 0 0 0 0 0 0 0 0.00351976347189469 0.00136407038603192 0.00700274663284599 0 0.00646788694133627 0 0.00109769484083425 0 0
"auf der suche nach" 0.0010303011570282 0.0022502756587682 0 0 0 0.0018555285473067 0.000986314881025767 0.00246281154566053 0.00277050520162352 0 0 0.00150771573527527 0.000702503723269733 0 0.00175988173594734 0 0 0 0.00215596231377876 0.000940592196847135 0 0 0
"auf gar keinen fall" 0 0 0.00390129718131279 0.000665318288269108 0 0 0 0 0 0 0 0 0.000702503723269733 0.00118685909608811 0.00703952694378938 0 0.00077808295920511 0.00101603300075186 0 0.00188118439369427 0.00109769484083425 0 0
"einer nach dem andern" 0 0 0 0 0 0 0 0 0 0 0 0 0.00281001489307893 0.00237371819217622 0 0.00204610557904788 0.00077808295920511 0 0.00215596231377876 0 0.00329308452250274 0.00310420827168031 0.00088781561845236
"in der tür und" 0.0010303011570282 0 0 0 0 0 0.000493157440512884 0 0 0 0 0 0 0 0.00263982260392102 0.00136407038603192 0 0 0.00646788694133627 0.000940592196847135 0.0021953896816685 0.00413894436224041 0.00088781561845236
"ja gar nicht was" 0 0 0 0 0 0 0 0 0 0.00135974871843683 0 0 0.000702503723269733 0.00237371819217622 0.000879940867973672 0 0.00077808295920511 0.00304809900225559 0 0.00376236878738854 0.00109769484083425 0.00206947218112021 0.00177563123690472
"wie man so sagt" 0 0 0 0 0 0 0.00147947232153865 0.000820937181886842 0 0 0 0 0.00281001489307893 0 0 0 0.00155616591841022 0 0 0 0 0.00620841654336062 0.00177563123690472
"die hände in den" 0.0010303011570282 0.0011251378293841 0.00195064859065639 0.000665318288269108 0 0.0018555285473067 0 0 0 0 0 0 0 0.00118685909608811 0 0 0.00077808295920511 0.00203206600150373 0 0.00188118439369427 0.00548847420417124 0 0.00088781561845236
"es ja auch nicht" 0 0 0 0 0 0 0 0 0 0 0 0 0.000702503723269733 0.00474743638435245 0.00439970433986836 0.00068203519301596 0 0.00101603300075186 0 0 0.0021953896816685 0.00206947218112021 0.00088781561845236
"in den nächsten tagen" 0 0 0 0.000665318288269108 0 0.0018555285473067 0.000493157440512884 0 0 0 0 0 0 0 0.000879940867973672 0.00272814077206384 0.00311233183682044 0.00101603300075186 0.00431192462755751 0.000940592196847135 0.00109769484083425 0 0
"in der hand die" 0.0030909034710846 0.0011251378293841 0 0 0 0 0 0.000820937181886842 0 0 0 0 0.000702503723269733 0 0.000879940867973672 0.00068203519301596 0.00155616591841022 0 0.00215596231377876 0.000940592196847135 0 0.00310420827168031 0.00177563123690472
"isses nun bloß möglich" 0 0 0 0 0 0 0 0 0 0 0 0 0 0 0 0 0 0 0 0.014108882952707 0 0.00206947218112021 0
"mensch ärgere dich nicht" 0 0 0 0 0 0 0 0 0 0.0190364820581157 0 0 0.00140500744653947 0 0 0 0 0 0 0.000940592196847135 0 0 0
"mit der linken hand" 0.0061818069421692 0.0011251378293841 0.00195064859065639 0 0 0 0.000493157440512884 0 0 0.00135974871843683 0 0 0 0.00237371819217622 0 0.00068203519301596 0 0.00101603300075186 0 0.000940592196847135 0 0.0010347360905601 0.00088781561845236
"nicht ein einziges mal" 0 0 0.00195064859065639 0.00399190972961465 0 0 0 0 0 0 0 0.000753857867637636 0.000702503723269733 0 0 0.00136407038603192 0 0.00101603300075186 0 0.00188118439369427 0 0.0010347360905601 0.00177563123690472
"so als ob man" 0 0 0 0 0 0 0 0 0 0 0 0 0.00281001489307893 0.00237371819217622 0.00351976347189469 0 0.00077808295920511 0 0 0 0.00109769484083425 0.00413894436224041 0.00088781561845236
"und er stellte sich" 0 0 0 0 0 0 0 0 0 0 0 0 0 0 0.00175988173594734 0.00136407038603192 0.00700274663284599 0 0.00862384925511502 0 0 0 0
"von einem zum andern" 0 0.0011251378293841 0 0 0 0 0 0 0 0 0 0 0.0021075111698092 0 0 0.00068203519301596 0.00077808295920511 0.00101603300075186 0 0 0.00439077936333699 0.00206947218112021 0.00355126247380944
"was ist denn das" 0 0 0 0 0 0 0 0 0 0 0.00176099742894375 0 0.0021075111698092 0.00118685909608811 0.00175988173594734 0.00136407038603192 0.00155616591841022 0 0 0.000940592196847135 0.0021953896816685 0 0.00266344685535708
"wer hätte das gedacht" 0 0 0 0 0 0 0 0 0 0 0 0 0.00140500744653947 0.00118685909608811 0.00351976347189469 0 0.00077808295920511 0.00101603300075186 0.00215596231377876 0.00188118439369427 0.00548847420417124 0 0
"wie isses nun bloß" 0 0 0 0 0 0 0 0 0 0 0 0 0 0 0 0 0 0 0 0.014108882952707 0 0.00206947218112021 0
"allem drum und dran" 0 0 0 0 0 0 0.000493157440512884 0.00164187436377368 0 0 0 0.00150771573527527 0 0 0.000879940867973672 0.00204610557904788 0.00155616591841022 0.00101603300075186 0 0 0.00109769484083425 0.00206947218112021 0.00088781561845236
"alles nicht so einfach" 0 0 0 0 0 0 0 0 0 0 0 0 0 0 0 0 0 0 0 0 0.017563117453348 0 0
"auf der andern seite" 0 0 0 0 0 0 0 0 0 0 0 0 0.00281001489307893 0.00237371819217622 0.000879940867973672 0.00136407038603192 0 0.00101603300075186 0 0.000940592196847135 0.0021953896816685 0.0010347360905601 0.00177563123690472
"auf und ab und" 0 0 0.00195064859065639 0 0 0 0 0 0 0.00135974871843683 0 0 0.000702503723269733 0 0 0.00204610557904788 0.00155616591841022 0.00406413200300746 0 0.000940592196847135 0 0.00206947218112021 0.00088781561845236
"dachte er und er" 0 0 0 0 0 0 0 0 0 0 0 0 0 0 0.00263982260392102 0 0.00622466367364088 0 0.00862384925511502 0 0.00109769484083425 0 0
"die ganze zeit über" 0 0 0 0.00199595486480732 0.00402592696968477 0 0 0 0 0.008158492310621 0.00176099742894375 0 0 0 0.00175988173594734 0.00068203519301596 0 0 0 0 0 0.0010347360905601 0
"einem zimmer ins andere" 0 0 0 0 0 0 0 0 0 0 0 0 0.00140500744653947 0.00356057728826434 0 0.00136407038603192 0.00233424887761533 0 0 0 0.00329308452250274 0.00310420827168031 0
"es sich um eine" 0.0020606023140564 0.0033754134881523 0.00195064859065639 0.000665318288269108 0 0.0018555285473067 0.000986314881025767 0 0 0 0 0.00226157360291291 0 0 0.00175988173594734 0 0.00077808295920511 0 0 0 0 0 0
"es sich um einen" 0 0.0056256891469205 0 0 0 0 0.000493157440512884 0 0 0 0 0.00150771573527527 0 0 0.000879940867973672 0.00068203519301596 0.00155616591841022 0 0.00215596231377876 0 0.00329308452250274 0 0
"in der nähe der" 0 0.0011251378293841 0.00195064859065639 0 0.00201296348484238 0 0.0029589446430773 0 0 0.00135974871843683 0 0 0.000702503723269733 0 0 0.00068203519301596 0.00077808295920511 0.00101603300075186 0 0.000940592196847135 0 0 0.00088781561845236
"in der nähe von" 0.0020606023140564 0.0022502756587682 0 0.00199595486480732 0 0 0 0 0.00277050520162352 0 0 0.00452314720582581 0 0.00118685909608811 0 0 0 0 0 0 0 0 0
"ja noch gar nicht" 0 0 0 0 0 0 0 0 0 0 0 0 0.00140500744653947 0.00356057728826434 0.000879940867973672 0.00068203519301596 0.00233424887761533 0 0.00215596231377876 0.00282177659054141 0 0.00206947218112021 0
"ja sagte meine mutter" 0 0 0 0 0 0 0 0 0 0 0 0 0 0.00593429548044056 0 0 0 0 0 0.00752473757477708 0 0.00310420827168031 0
"kranz um den kopf" 0 0 0 0 0 0 0 0 0 0 0 0 0.00140500744653947 0 0.000879940867973672 0.00204610557904788 0.00389041479602555 0 0 0 0.00548847420417124 0 0
"mal so und mal" 0 0 0 0 0 0 0 0.00246281154566053 0 0 0 0 0.000702503723269733 0 0.00263982260392102 0 0.00077808295920511 0.00101603300075186 0 0 0.00109769484083425 0.00310420827168031 0.00266344685535708
"so und mal so" 0 0 0 0 0 0 0 0.00246281154566053 0 0 0 0 0.000702503723269733 0 0.00263982260392102 0 0.00077808295920511 0.00101603300075186 0 0 0.00109769484083425 0.00310420827168031 0.00266344685535708
"um den hals und" 0.0010303011570282 0 0 0 0.00201296348484238 0 0.000493157440512884 0 0 0.00135974871843683 0.00176099742894375 0 0 0.00118685909608811 0.000879940867973672 0 0 0 0.00215596231377876 0.00188118439369427 0.0021953896816685 0.00206947218112021 0.00177563123690472
"und dann erzählte er" 0 0.0011251378293841 0 0 0 0 0 0 0 0 0 0 0 0.00118685909608811 0.000879940867973672 0 0.00311233183682044 0.00203206600150373 0.00215596231377876 0 0.0021953896816685 0.00206947218112021 0.00177563123690472
"und dann sagte er" 0 0 0.00195064859065639 0 0 0 0 0 0 0 0 0 0 0 0.00263982260392102 0.00204610557904788 0.00233424887761533 0.00203206600150373 0.00215596231377876 0 0.0021953896816685 0 0.00088781561845236
"und in der mitte" 0.0010303011570282 0 0 0 0 0 0.000493157440512884 0.000820937181886842 0.00138525260081176 0 0 0.000753857867637636 0.000702503723269733 0.00237371819217622 0.000879940867973672 0 0.00077808295920511 0.00101603300075186 0 0.000940592196847135 0 0.00310420827168031 0.00088781561845236
"und in der tat" 0 0 0 0.000665318288269108 0.00402592696968477 0 0 0.000820937181886842 0 0 0 0 0.00140500744653947 0 0.00175988173594734 0.00204610557904788 0.00155616591841022 0.00101603300075186 0 0 0.0021953896816685 0 0
"von einem zimmer ins" 0 0 0 0 0 0 0 0 0 0 0 0 0.00140500744653947 0.00356057728826434 0 0.00136407038603192 0.00233424887761533 0 0 0 0.00329308452250274 0.00310420827168031 0
"von tag zu tag" 0.0020606023140564 0.0011251378293841 0 0.00133063657653822 0 0.0018555285473067 0.000986314881025767 0.00164187436377368 0.00138525260081176 0 0 0 0 0 0.000879940867973672 0.00068203519301596 0.00077808295920511 0 0 0 0 0 0.00177563123690472
"auch nicht zu verachten" 0 0 0 0 0 0 0 0 0 0 0 0 0.000702503723269733 0.00237371819217622 0 0.00068203519301596 0 0.00101603300075186 0 0.00564355318108281 0 0.00413894436224041 0
"auf dem weg zum" 0.0030909034710846 0.0022502756587682 0 0.00133063657653822 0 0 0.000493157440512884 0.000820937181886842 0.00277050520162352 0 0 0 0 0.00118685909608811 0 0 0 0.00203206600150373 0 0 0.00109769484083425 0 0
"dann setzte er sich" 0 0.0011251378293841 0.00195064859065639 0 0 0 0 0 0 0 0 0 0 0 0 0.00272814077206384 0.00311233183682044 0.00203206600150373 0 0.000940592196847135 0.0021953896816685 0 0
"er sich auf die" 0 0 0 0 0 0 0.000493157440512884 0 0 0 0 0.000753857867637636 0.0021075111698092 0.00118685909608811 0 0.00204610557904788 0.00155616591841022 0 0.00215596231377876 0.000940592196847135 0.0021953896816685 0 0
"ganz und gar nicht" 0 0 0 0.000665318288269108 0 0 0.00147947232153865 0 0 0 0 0 0.00281001489307893 0 0.000879940867973672 0 0.00077808295920511 0.00101603300075186 0 0.000940592196847135 0 0.0010347360905601 0.00177563123690472
"my name is alexander" 0 0 0 0 0 0 0 0 0 0 0 0 0 0 0.0131991130196051 0 0 0 0 0 0 0 0
"nach dem andern und" 0 0 0 0 0 0 0 0 0 0 0 0 0.000702503723269733 0.00118685909608811 0.000879940867973672 0.00136407038603192 0.00077808295920511 0 0.00215596231377876 0.000940592196847135 0 0.00620841654336062 0.00088781561845236
"name is alexander sowtschick" 0 0 0 0 0 0 0 0 0 0 0 0 0 0 0.0131991130196051 0 0 0 0 0 0 0 0
"nur ein einziges mal" 0 0.0022502756587682 0.00195064859065639 0 0 0 0 0 0 0 0 0 0.00281001489307893 0 0.000879940867973672 0 0.00077808295920511 0.00101603300075186 0 0 0.00329308452250274 0.0010347360905601 0.00088781561845236
"sagte er und er" 0 0 0 0 0 0 0 0 0 0.00135974871843683 0 0 0 0 0.00175988173594734 0.00068203519301596 0.00389041479602555 0 0.00215596231377876 0 0.00548847420417124 0 0
"sah aus wie ein" 0 0 0.00195064859065639 0.000665318288269108 0 0 0 0 0 0.00135974871843683 0 0 0 0.00118685909608811 0 0.00068203519301596 0 0.00406413200300746 0.00431192462755751 0 0.00109769484083425 0 0.00266344685535708
"so gut wie nichts" 0 0.0011251378293841 0 0 0 0.0018555285473067 0.00147947232153865 0.00246281154566053 0 0 0 0 0 0 0.000879940867973672 0 0.00077808295920511 0.00304809900225559 0 0 0 0.00206947218112021 0
"so tun als ob" 0 0 0 0 0 0 0.000493157440512884 0.000820937181886842 0 0 0 0 0.00140500744653947 0.00118685909608811 0.000879940867973672 0 0.00077808295920511 0.00203206600150373 0 0.00282177659054141 0 0.00310420827168031 0
"und hin und wieder" 0 0 0 0 0 0 0 0 0 0.00135974871843683 0 0.00527700507346345 0 0 0.000879940867973672 0 0 0.00101603300075186 0.00215596231377876 0 0.00109769484083425 0.0010347360905601 0.00177563123690472
"und in der ferne" 0 0 0 0 0 0 0 0 0 0 0 0 0.000702503723269733 0 0.00351976347189469 0 0.00311233183682044 0 0.00215596231377876 0 0.00439077936333699 0 0.00088781561845236
"und schon gar nicht" 0.0010303011570282 0.0033754134881523 0 0 0 0 0.000493157440512884 0 0 0 0.00176099742894375 0.00301543147055054 0.000702503723269733 0 0.000879940867973672 0.00204610557904788 0 0 0 0 0 0 0
"von links nach rechts" 0 0 0 0 0 0 0 0 0.00138525260081176 0 0 0 0.000702503723269733 0 0.00439970433986836 0.00068203519301596 0.00077808295920511 0.00101603300075186 0 0 0.0021953896816685 0.0010347360905601 0.00177563123690472
"vor sich hin und" 0 0 0 0 0 0 0.000986314881025767 0 0 0.00135974871843683 0 0 0.000702503723269733 0 0.000879940867973672 0.00068203519301596 0.00077808295920511 0.00304809900225559 0.00431192462755751 0 0 0 0.00266344685535708
"an der tür und" 0 0 0.00195064859065639 0.000665318288269108 0 0 0 0 0 0.00271949743687367 0 0 0 0 0.00263982260392102 0.00068203519301596 0.00077808295920511 0.00101603300075186 0 0 0.00109769484083425 0.00206947218112021 0.00088781561845236
"an der wand und" 0 0.0011251378293841 0 0 0 0 0 0 0 0 0.00176099742894375 0.000753857867637636 0.000702503723269733 0 0.000879940867973672 0.00136407038603192 0.00077808295920511 0 0.00215596231377876 0.000940592196847135 0.0021953896816685 0.00206947218112021 0
"auf die andere seite" 0 0 0 0.000665318288269108 0 0 0.000493157440512884 0 0 0 0 0 0.000702503723269733 0.00237371819217622 0.000879940867973672 0 0 0.00304809900225559 0.00215596231377876 0.000940592196847135 0.0021953896816685 0 0.00088781561845236
"das ist ja auch" 0 0 0 0.000665318288269108 0 0 0 0 0 0 0 0 0.00351251861634867 0 0 0.00068203519301596 0 0.00304809900225559 0 0 0 0.00310420827168031 0.00088781561845236
"das ist ja ein" 0 0 0 0 0 0 0 0 0 0 0.00176099742894375 0 0.00140500744653947 0.00118685909608811 0 0.00136407038603192 0 0 0 0.000940592196847135 0.0021953896816685 0 0.0044390780922618
"das muß man sich" 0 0 0 0.00133063657653822 0 0 0 0 0 0 0 0 0.0021075111698092 0 0.000879940867973672 0.00068203519301596 0.00077808295920511 0 0.00215596231377876 0 0.0021953896816685 0.0010347360905601 0.00177563123690472
"das war ja auch" 0 0 0.00195064859065639 0 0 0 0 0 0 0 0 0.000753857867637636 0 0.00237371819217622 0 0.00136407038603192 0 0.00304809900225559 0 0.00282177659054141 0 0.00206947218112021 0
"daß es in der" 0 0.0011251378293841 0.00195064859065639 0.000665318288269108 0 0 0 0 0 0 0 0 0.0021075111698092 0 0 0.00136407038603192 0 0.00101603300075186 0.00215596231377876 0 0.00109769484083425 0.00206947218112021 0.00088781561845236
"der herz jesu kirche" 0 0 0 0 0 0 0.00690420416718037 0 0 0 0 0 0 0 0 0 0 0 0 0 0 0 0
"die herz jesu kirche" 0 0 0 0 0 0 0.00641104672666749 0.000820937181886842 0 0 0 0 0 0 0 0 0 0 0 0 0 0 0
"die tür auf und" 0 0.0011251378293841 0.00195064859065639 0 0 0 0 0 0 0.00271949743687367 0 0 0.00281001489307893 0 0.00175988173594734 0 0.00077808295920511 0.00203206600150373 0 0 0 0 0.00088781561845236
"es war klar daß" 0 0 0 0 0.00201296348484238 0 0 0 0 0 0 0.000753857867637636 0 0 0 0.00409221115809576 0.00077808295920511 0 0.00215596231377876 0 0.00109769484083425 0.00310420827168031 0
"für den fall daß" 0 0.0022502756587682 0 0.000665318288269108 0 0 0 0 0 0.00135974871843683 0 0 0 0 0.000879940867973672 0 0.00311233183682044 0 0 0.000940592196847135 0 0.00310420827168031 0.00088781561845236
"ich weiß es nicht" 0.0010303011570282 0.0033754134881523 0 0.000665318288269108 0.00201296348484238 0.0037110570946134 0 0 0 0 0.00352199485788751 0 0 0 0 0 0 0 0.00215596231377876 0 0 0 0.00266344685535708
"ich weiß nicht mehr" 0 0.0011251378293841 0.00195064859065639 0 0 0.0037110570946134 0.00246578720256442 0.000820937181886842 0 0 0.00176099742894375 0.00150771573527527 0 0 0 0 0 0 0 0 0 0 0.00088781561845236
"immer und immer wieder" 0 0 0 0 0.00201296348484238 0 0 0 0 0 0 0.000753857867637636 0 0 0.00263982260392102 0.00272814077206384 0.00077808295920511 0 0.00646788694133627 0 0.00109769484083425 0 0
"in der mitte der" 0.0020606023140564 0 0 0.000665318288269108 0 0 0.00197262976205153 0 0 0 0 0 0 0 0 0 0 0 0.00215596231377876 0.000940592196847135 0.0021953896816685 0.00206947218112021 0.00088781561845236
"in die höhe und" 0 0 0 0 0 0 0 0 0 0 0 0 0.000702503723269733 0.00118685909608811 0.00175988173594734 0.0034101759650798 0.00155616591841022 0 0 0.000940592196847135 0.0021953896816685 0 0
"müsse man sich mal" 0 0 0 0 0 0 0 0 0 0 0 0 0 0.00593429548044056 0.000879940867973672 0.00068203519301596 0 0.00101603300075186 0.00215596231377876 0.00282177659054141 0 0.00206947218112021 0
"noch ein letztes mal" 0 0 0 0 0 0 0 0 0 0 0 0 0 0 0.000879940867973672 0.00068203519301596 0.00077808295920511 0.00203206600150373 0.00646788694133627 0.00282177659054141 0.0021953896816685 0 0.00088781561845236
"notre dame sur durance" 0 0.0157519296113774 0 0 0 0 0 0 0 0 0 0 0 0 0 0 0 0 0 0 0 0 0
"nun auch wieder nicht" 0 0.0011251378293841 0 0 0 0 0 0 0 0 0 0 0.00140500744653947 0.00237371819217622 0 0.00068203519301596 0.00077808295920511 0.00101603300075186 0.00215596231377876 0.000940592196847135 0.00109769484083425 0.00206947218112021 0.00088781561845236
"setzte sich in den" 0.0010303011570282 0 0 0.000665318288269108 0 0.0018555285473067 0 0 0 0 0 0 0 0 0.00263982260392102 0.00136407038603192 0.00155616591841022 0 0.00431192462755751 0 0.0021953896816685 0 0
"sich auf das bett" 0 0 0 0.000665318288269108 0 0 0 0 0 0 0 0 0 0 0.00175988173594734 0.00068203519301596 0.00389041479602555 0.00101603300075186 0.00215596231377876 0 0.0021953896816685 0 0.00088781561845236
"sie in der küche" 0 0 0.00195064859065639 0 0 0.0018555285473067 0.000493157440512884 0 0 0.00271949743687367 0 0 0 0.00118685909608811 0 0 0.00155616591841022 0 0 0 0.00658616904500549 0 0
"so ist das ja" 0 0 0 0 0 0 0 0 0 0 0 0 0.00562002978615787 0 0 0.00136407038603192 0 0 0 0 0 0.0010347360905601 0.00266344685535708
"so wie er es" 0.0010303011570282 0 0 0 0 0 0 0 0 0 0 0 0.000702503723269733 0 0.000879940867973672 0.00136407038603192 0.00466849775523066 0.00101603300075186 0 0.000940592196847135 0 0 0.00088781561845236
"und die sache mit" 0 0 0 0 0 0 0 0 0 0 0 0 0.00140500744653947 0.00237371819217622 0 0.00136407038603192 0.00233424887761533 0 0 0 0.00109769484083425 0.00310420827168031 0.00088781561845236
"und er freute sich" 0 0 0 0 0 0 0 0 0 0 0 0 0 0 0.000879940867973672 0.00068203519301596 0.00622466367364088 0 0.00431192462755751 0.000940592196847135 0.00109769484083425 0 0
"und er sah sich" 0 0 0 0 0 0 0 0 0 0 0 0 0 0 0.00263982260392102 0.00068203519301596 0.00466849775523066 0 0.00431192462755751 0 0.00109769484083425 0.0010347360905601 0
"von haus zu haus" 0.0010303011570282 0 0 0.000665318288269108 0 0 0 0.000820937181886842 0 0 0.00176099742894375 0.000753857867637636 0 0.00237371819217622 0.00175988173594734 0.00068203519301596 0 0 0 0.000940592196847135 0.00329308452250274 0 0
"war nichts zu machen" 0 0 0 0 0 0 0 0 0 0.00135974871843683 0.00176099742894375 0 0 0 0.00175988173594734 0.00204610557904788 0 0 0.00431192462755751 0 0.00439077936333699 0.0010347360905601 0
"wie geht s wie" 0 0 0 0 0 0 0 0 0 0 0 0 0 0.00356057728826434 0.000879940867973672 0 0.00155616591841022 0 0 0.00282177659054141 0.00109769484083425 0.0010347360905601 0.00266344685535708
"zimmer auf und ab" 0 0 0.00585194577196918 0 0.00201296348484238 0 0 0 0 0 0 0 0.00140500744653947 0.00118685909608811 0.00175988173594734 0 0 0 0 0 0.00109769484083425 0.00310420827168031 0.00088781561845236
"ab und zu mal" 0 0 0 0 0 0 0 0 0 0 0 0 0.000702503723269733 0.00237371819217622 0.00175988173594734 0.00136407038603192 0 0.00203206600150373 0 0 0 0.00206947218112021 0.00177563123690472
"aber das war ja" 0 0 0 0 0.00201296348484238 0.0037110570946134 0 0 0 0 0 0 0 0.00118685909608811 0.00175988173594734 0 0 0 0 0.00282177659054141 0.00329308452250274 0.0010347360905601 0
"alles in ordnung ist" 0 0 0 0 0 0 0 0 0 0 0 0 0.000702503723269733 0 0.000879940867973672 0.00136407038603192 0.00077808295920511 0 0.00215596231377876 0.000940592196847135 0.00439077936333699 0 0.00177563123690472
"auf dem rücken und" 0 0 0 0.000665318288269108 0 0 0 0 0 0 0 0 0.00351251861634867 0.00118685909608811 0.00263982260392102 0.00136407038603192 0 0.00101603300075186 0 0 0 0 0
"auf und ab die" 0.0020606023140564 0 0 0 0 0 0 0.000820937181886842 0 0 0 0 0.000702503723269733 0.00118685909608811 0.000879940867973672 0.00068203519301596 0 0.00304809900225559 0 0 0.00109769484083425 0 0.00177563123690472
"aus dem fenster und" 0 0 0 0 0 0 0 0 0 0 0 0 0.00140500744653947 0 0.000879940867973672 0.00272814077206384 0 0 0 0.000940592196847135 0.0021953896816685 0.00206947218112021 0.00088781561845236
"das eine oder andere" 0 0.0011251378293841 0.00195064859065639 0 0 0 0 0 0 0 0.00352199485788751 0.000753857867637636 0 0 0 0.00204610557904788 0.00155616591841022 0.00203206600150373 0 0 0.00109769484083425 0 0
"den kopf in die" 0.0010303011570282 0.0011251378293841 0.00195064859065639 0 0 0 0.000493157440512884 0 0 0 0 0 0.000702503723269733 0.00118685909608811 0 0.00136407038603192 0.00233424887761533 0 0 0 0.00109769484083425 0 0.00088781561845236
"der mann mit dem" 0 0 0 0.000665318288269108 0 0 0.000493157440512884 0 0 0 0 0 0.00140500744653947 0.00118685909608811 0.000879940867973672 0.00068203519301596 0.00233424887761533 0 0.00215596231377876 0 0.00109769484083425 0 0.00088781561845236
"die kinder in der" 0 0 0 0 0 0 0 0 0 0 0 0.00150771573527527 0.00140500744653947 0 0 0.00477424635111172 0 0 0.00215596231377876 0 0 0 0.00088781561845236
"einen nach dem andern" 0 0 0 0 0 0 0 0 0 0 0 0 0.00140500744653947 0.00118685909608811 0.00175988173594734 0.00068203519301596 0.00077808295920511 0.00203206600150373 0 0 0 0.00413894436224041 0
"fiel mir ein daß" 0 0 0.00780259436262557 0 0 0 0 0 0 0.00951824102905783 0 0 0 0 0 0 0 0.00101603300075186 0 0 0 0.0010347360905601 0
"gar nicht so übel" 0 0 0 0 0 0 0 0 0 0.00135974871843683 0.00352199485788751 0.000753857867637636 0.00140500744653947 0.00118685909608811 0 0 0 0 0 0.00188118439369427 0.00109769484083425 0.00206947218112021 0.00088781561845236
"hände in den taschen" 0 0 0 0 0 0.0018555285473067 0 0 0 0 0 0 0 0.00118685909608811 0 0 0.00077808295920511 0.00203206600150373 0 0.000940592196847135 0.00658616904500549 0 0.00088781561845236
"hut auf dem kopf" 0 0 0 0 0 0 0 0 0 0 0 0 0.00281001489307893 0 0.000879940867973672 0.00068203519301596 0.00155616591841022 0 0 0 0.0021953896816685 0.00206947218112021 0.00088781561845236
"im laufe der jahre" 0.0020606023140564 0.0033754134881523 0.00195064859065639 0.000665318288269108 0 0 0.000493157440512884 0 0 0 0 0.000753857867637636 0 0 0.00175988173594734 0.00068203519301596 0 0.00101603300075186 0 0 0 0 0
"in den letzten jahren" 0 0.0011251378293841 0 0.00332659144134554 0 0.0074221141892268 0 0 0 0 0 0 0 0 0 0 0.00077808295920511 0 0 0 0.0021953896816685 0 0
"in der zeitung steht" 0 0 0 0.00133063657653822 0 0 0 0 0 0 0.01408797943155 0 0 0 0 0.00068203519301596 0 0 0 0 0 0 0.00177563123690472
"in die hand gedrückt" 0.0010303011570282 0.0011251378293841 0 0 0 0 0.000493157440512884 0 0 0 0 0.000753857867637636 0 0.00118685909608811 0.000879940867973672 0.00136407038603192 0.00077808295920511 0.00101603300075186 0.00215596231377876 0.000940592196847135 0.00109769484083425 0 0
"mal hierhin und mal" 0 0 0.00195064859065639 0 0 0 0 0 0 0 0 0 0.00281001489307893 0 0.000879940867973672 0.00204610557904788 0.00077808295920511 0.00101603300075186 0 0 0 0.00206947218112021 0
"meine damen und herren" 0 0 0 0 0 0 0 0.00738843463698158 0.00277050520162352 0 0 0.000753857867637636 0 0 0.000879940867973672 0 0 0 0 0 0 0 0
"ob sie sich nicht" 0.0010303011570282 0 0 0.000665318288269108 0 0 0 0 0 0 0 0 0.00140500744653947 0 0.00175988173594734 0.00272814077206384 0.00077808295920511 0 0 0 0.00109769484083425 0.0010347360905601 0
"sagte mein bruder und" 0 0 0 0 0 0 0 0 0 0 0 0 0 0.00356057728826434 0 0 0 0.00101603300075186 0 0.00752473757477708 0 0.0010347360905601 0
"sie hin und wieder" 0 0.0011251378293841 0 0 0 0 0 0 0 0 0.00176099742894375 0.00603086294110108 0 0 0.00175988173594734 0 0 0 0 0 0.00109769484083425 0 0
"um den tisch herum" 0 0 0 0 0 0 0 0 0 0.00135974871843683 0 0 0.000702503723269733 0 0 0 0 0 0 0.00188118439369427 0.00109769484083425 0.00206947218112021 0.00532689371071416
"und dann ging s" 0 0 0 0 0 0 0 0 0 0 0.00176099742894375 0 0 0.00118685909608811 0 0.00136407038603192 0.00155616591841022 0.00203206600150373 0 0 0 0.00413894436224041 0.00088781561845236
"und denn und denn" 0 0 0 0 0 0 0 0 0 0 0 0 0.00772754095596707 0 0 0 0 0 0 0.00188118439369427 0 0 0
"und so weiter das" 0.0010303011570282 0 0 0.000665318288269108 0 0.0018555285473067 0.000493157440512884 0.000820937181886842 0 0 0 0.00150771573527527 0 0.00118685909608811 0 0.00136407038603192 0.00077808295920511 0.00101603300075186 0 0.000940592196847135 0 0 0
"war gar nicht so" 0 0 0 0 0 0 0.000493157440512884 0 0.00138525260081176 0 0.00176099742894375 0.00301543147055054 0 0.00237371819217622 0 0.00068203519301596 0.00077808295920511 0.00101603300075186 0 0 0.00109769484083425 0 0
"wie es sich gehört" 0 0 0 0.00199595486480732 0 0 0.000986314881025767 0 0 0 0 0 0.00140500744653947 0 0 0 0.00077808295920511 0 0 0.000940592196847135 0 0.00310420827168031 0.00088781561845236
"wie gut daß er" 0 0 0 0 0 0 0 0 0 0 0 0 0.000702503723269733 0.00118685909608811 0.000879940867973672 0.00136407038603192 0.00389041479602555 0.00101603300075186 0.00215596231377876 0 0 0.0010347360905601 0
"an die tür und" 0 0 0 0.000665318288269108 0 0 0 0 0 0 0 0 0.000702503723269733 0 0.000879940867973672 0.00068203519301596 0.00077808295920511 0.00101603300075186 0.00215596231377876 0 0.00329308452250274 0.0010347360905601 0.00088781561845236
"auf das bett und" 0 0 0 0 0 0 0 0 0 0 0 0 0 0 0.00175988173594734 0.00136407038603192 0.00155616591841022 0.00101603300075186 0.00215596231377876 0 0.0021953896816685 0 0.00177563123690472
"auf dem sofa und" 0.0010303011570282 0 0 0 0 0 0.000493157440512884 0 0 0 0 0 0.000702503723269733 0.00118685909608811 0 0 0.00077808295920511 0.00101603300075186 0.00431192462755751 0.000940592196847135 0.00109769484083425 0.0010347360905601 0.00088781561845236
"auf dem tisch stand" 0 0 0 0 0 0 0 0 0 0 0 0.000753857867637636 0 0 0 0.00204610557904788 0.00233424887761533 0 0.00215596231377876 0.00188118439369427 0.00109769484083425 0.0010347360905601 0
"auf den heutigen tag" 0 0 0 0.000665318288269108 0 0.0018555285473067 0 0 0 0 0 0.00753857867637636 0 0 0 0 0 0 0 0 0 0 0
"auf der straße und" 0 0 0 0 0 0 0.000493157440512884 0 0 0 0.00176099742894375 0.00150771573527527 0 0 0.00175988173594734 0 0 0.00101603300075186 0 0.000940592196847135 0.00329308452250274 0.0010347360905601 0
"bei nacht und nebel" 0.0010303011570282 0 0 0 0 0 0 0 0 0 0 0 0.000702503723269733 0.00118685909608811 0 0.00204610557904788 0 0.00203206600150373 0 0 0.00329308452250274 0.0010347360905601 0
"bis auf den heutigen" 0 0 0 0.000665318288269108 0 0.0018555285473067 0 0 0 0 0 0.00753857867637636 0 0 0 0 0 0 0 0 0 0 0
"das kann man nicht" 0.0010303011570282 0.0022502756587682 0 0 0 0.0018555285473067 0 0 0 0 0 0.000753857867637636 0.0021075111698092 0 0 0 0 0 0.00215596231377876 0 0 0 0.00266344685535708
"das war es was" 0 0 0 0 0 0 0 0 0 0 0 0 0 0 0.00351976347189469 0.00136407038603192 0.00389041479602555 0 0.00215596231377876 0 0 0 0
"daß sie in der" 0 0 0.00195064859065639 0 0.00201296348484238 0.0018555285473067 0.00147947232153865 0 0 0 0.00176099742894375 0 0 0 0.000879940867973672 0.00068203519301596 0 0 0.00215596231377876 0 0.00109769484083425 0.0010347360905601 0
"daß sie sich nicht" 0 0 0 0.00266127315307643 0 0.0037110570946134 0.000493157440512884 0 0 0 0 0.000753857867637636 0 0 0 0.00068203519301596 0.00155616591841022 0 0 0 0 0 0.00088781561845236
"die schwarze köchin da" 0 0 0 0 0 0 0.00591788928615461 0 0 0 0 0 0 0 0 0 0 0 0 0 0 0 0
"eines nach dem andern" 0 0 0 0 0 0 0 0 0 0 0 0 0.00281001489307893 0 0.000879940867973672 0 0.00077808295920511 0 0 0 0.0021953896816685 0.00310420827168031 0.00088781561845236
"einmal in der woche" 0 0.0011251378293841 0 0 0 0 0.0029589446430773 0 0 0 0 0 0.000702503723269733 0.00118685909608811 0 0 0 0.00101603300075186 0 0 0 0 0.00177563123690472
"er sich an den" 0 0 0 0 0 0 0 0 0 0 0 0 0 0.00118685909608811 0.000879940867973672 0 0.00233424887761533 0.00101603300075186 0 0.000940592196847135 0.00329308452250274 0.0010347360905601 0.00088781561845236
"es tut mir leid" 0.0030909034710846 0 0 0 0 0 0 0 0 0.00271949743687367 0.00880498714471877 0.000753857867637636 0 0 0 0 0 0 0 0 0.00109769484083425 0 0
"gar nicht gedacht daß" 0 0 0 0 0 0 0 0 0 0 0 0 0 0 0.00175988173594734 0.00272814077206384 0.00077808295920511 0 0.00215596231377876 0 0.00329308452250274 0.0010347360905601 0
"gar nicht mal so" 0 0 0 0 0 0 0 0 0 0 0 0 0.00351251861634867 0 0 0.00068203519301596 0 0.00203206600150373 0 0.000940592196847135 0 0.0010347360905601 0.00177563123690472
"hat er in der" 0 0.0011251378293841 0.00195064859065639 0 0 0 0 0 0 0 0.00176099742894375 0 0.00491752606288813 0 0 0 0 0 0 0 0 0 0.00177563123690472
"ich ging in die" 0 0 0.00975324295328197 0 0.00201296348484238 0 0.000493157440512884 0 0 0.00543899487374733 0 0 0 0 0 0 0 0 0 0 0 0.0010347360905601 0
"ich wußte gar nicht" 0 0 0.00195064859065639 0 0 0 0 0 0 0.00135974871843683 0.00176099742894375 0 0 0.00118685909608811 0 0 0 0.00609619800451119 0 0.000940592196847135 0 0 0.00088781561845236
"immer mit der ruhe" 0 0 0 0 0 0 0 0 0 0 0 0 0.00140500744653947 0.00237371819217622 0.000879940867973672 0.00136407038603192 0.00077808295920511 0 0.00215596231377876 0.000940592196847135 0.00109769484083425 0.0010347360905601 0
"in der ersten reihe" 0.0010303011570282 0 0 0 0 0 0 0 0 0 0.00176099742894375 0 0.00140500744653947 0 0.00351976347189469 0.00068203519301596 0.00077808295920511 0 0 0 0 0.00206947218112021 0
"ist das für ein" 0 0.0033754134881523 0 0 0 0 0 0 0 0 0 0.00376928933818818 0 0.00118685909608811 0 0.00068203519301596 0 0 0 0.000940592196847135 0 0 0.00088781561845236
"ist die schwarze köchin" 0 0 0 0 0 0 0.00591788928615461 0 0 0 0 0 0 0 0 0 0 0 0 0 0 0 0
"ja nun nicht daß" 0 0 0 0 0 0 0 0 0 0 0 0.000753857867637636 0.00140500744653947 0 0 0.00068203519301596 0.00155616591841022 0 0 0 0 0.00413894436224041 0.00177563123690472
"mit der hand und" 0 0 0 0 0 0 0 0 0 0 0 0 0.0021075111698092 0.00118685909608811 0 0 0.00155616591841022 0 0 0.000940592196847135 0 0.00310420827168031 0.00177563123690472
"nein sagte ich ich" 0 0 0 0 0 0 0 0 0 0.0149572359028052 0 0 0 0 0 0 0 0.00101603300075186 0 0 0 0 0
"ob er sich nicht" 0 0 0.00195064859065639 0 0 0 0 0 0 0 0 0 0 0.00118685909608811 0.00175988173594734 0.00204610557904788 0 0 0.00431192462755751 0 0 0.0010347360905601 0.00177563123690472
"rieb sich die hände" 0 0 0 0 0 0.0018555285473067 0 0 0 0 0 0 0 0.00118685909608811 0.00175988173594734 0.00136407038603192 0.00155616591841022 0.00101603300075186 0 0 0.00329308452250274 0 0
"sagte die rättin von" 0 0 0 0 0 0 0 0.0098512461826421 0 0 0 0 0 0 0 0 0 0 0 0 0 0 0
"schön und gut aber" 0 0 0 0 0 0 0 0 0 0 0 0 0.000702503723269733 0.00118685909608811 0.00175988173594734 0.00136407038603192 0 0 0.00215596231377876 0 0.00329308452250274 0.0010347360905601 0.00088781561845236
"sich ab und zu" 0 0 0 0 0 0 0 0 0 0 0 0 0.0021075111698092 0.00118685909608811 0.000879940867973672 0 0.00155616591841022 0.00203206600150373 0 0 0.00109769484083425 0.0010347360905601 0.00088781561845236
"sich an den flügel" 0 0 0 0 0 0 0 0 0 0 0.00528299228683126 0 0.00140500744653947 0.00118685909608811 0.00263982260392102 0 0.00077808295920511 0 0 0.000940592196847135 0.00109769484083425 0 0
"stellte er sich vor" 0 0 0 0 0 0 0.000493157440512884 0 0 0 0 0 0 0 0.000879940867973672 0.00272814077206384 0.00466849775523066 0 0 0 0 0 0
"tränen in den augen" 0 0 0.00390129718131279 0 0 0.0018555285473067 0 0 0 0 0.00176099742894375 0 0 0 0 0 0 0.00203206600150373 0 0.000940592196847135 0.00109769484083425 0.00310420827168031 0.00088781561845236
"tränen in die augen" 0 0.0011251378293841 0 0.00199595486480732 0 0 0.000493157440512884 0 0 0 0 0 0.000702503723269733 0 0 0 0.00077808295920511 0.00101603300075186 0 0 0 0.0010347360905601 0.00266344685535708
"ulla bakkre de vaera" 0 0 0 0 0 0 0 0 0 0 0 0 0 0 0 0 0 0 0.0258715477653451 0 0 0 0
"und an der wand" 0 0 0 0 0 0 0 0 0 0 0 0 0 0.00118685909608811 0.00175988173594734 0.00272814077206384 0 0.00101603300075186 0 0 0.00329308452250274 0.0010347360905601 0
"und dann ging er" 0 0 0 0 0 0.0018555285473067 0 0 0 0 0 0 0 0 0.00175988173594734 0.00272814077206384 0.00077808295920511 0 0.00215596231377876 0 0.00329308452250274 0 0
"und dann war er" 0 0 0.00390129718131279 0 0 0 0 0 0 0 0.00176099742894375 0.00150771573527527 0.00140500744653947 0 0 0.00068203519301596 0 0 0 0 0.0021953896816685 0 0.00177563123690472
"und fragte ob er" 0 0 0 0 0 0 0 0 0 0 0 0 0 0.00118685909608811 0.00263982260392102 0.00204610557904788 0.00077808295920511 0.00101603300075186 0.00215596231377876 0 0.00109769484083425 0.0010347360905601 0
"und ich weiß nicht" 0 0 0 0 0 0.0018555285473067 0.000493157440512884 0 0 0.00135974871843683 0.00352199485788751 0.00150771573527527 0 0.00237371819217622 0 0 0 0.00101603300075186 0 0.000940592196847135 0 0 0.00088781561845236
"und schüttelte den kopf" 0 0 0 0 0 0 0 0 0 0.00271949743687367 0 0 0.000702503723269733 0.00356057728826434 0.000879940867973672 0 0.00155616591841022 0 0.00215596231377876 0.000940592196847135 0.00109769484083425 0 0
"versprichst du mir das" 0.0030909034710846 0.0090011026350728 0 0 0 0 0 0 0 0 0 0 0 0 0 0 0 0 0 0.000940592196847135 0 0 0
"war drauf und dran" 0 0 0.00390129718131279 0 0 0 0 0 0 0.008158492310621 0 0.00226157360291291 0 0 0 0.00068203519301596 0 0 0 0 0 0 0
"was anderes zu tun" 0 0 0 0 0 0 0 0 0 0 0 0 0.000702503723269733 0 0.00439970433986836 0.00136407038603192 0.00077808295920511 0 0 0 0.00109769484083425 0.00206947218112021 0
"was das nun wieder" 0 0 0 0 0.00201296348484238 0 0 0 0 0 0 0 0.000702503723269733 0 0 0.00068203519301596 0.00077808295920511 0.00101603300075186 0.00431192462755751 0 0 0.00206947218112021 0.00266344685535708
"was das wohl für" 0 0 0 0 0 0 0 0 0 0 0 0 0.00140500744653947 0 0 0.00136407038603192 0.00155616591841022 0.00101603300075186 0 0 0.00109769484083425 0.00206947218112021 0.00177563123690472
"wenn sie mich fragen" 0 0 0 0 0 0 0.000493157440512884 0 0 0 0 0.00678472080873872 0 0 0.00175988173594734 0 0 0 0 0 0 0 0
"wie das ist wenn" 0 0.0011251378293841 0.00195064859065639 0 0 0 0 0 0 0 0 0.000753857867637636 0.00140500744653947 0 0 0 0 0.00304809900225559 0 0.000940592196847135 0 0.0010347360905601 0.00177563123690472
"wie gut daß ich" 0 0 0 0 0 0 0.000493157440512884 0 0 0 0 0 0 0.00118685909608811 0.00439970433986836 0.00068203519301596 0.00233424887761533 0.00101603300075186 0 0 0 0 0
"wie man das macht" 0 0.0011251378293841 0 0 0 0 0 0 0 0 0 0.000753857867637636 0.00281001489307893 0 0.000879940867973672 0.00068203519301596 0.00077808295920511 0.00101603300075186 0 0.000940592196847135 0 0 0.00088781561845236
"alles schön und gut" 0 0 0 0 0 0 0 0 0 0 0 0 0.000702503723269733 0 0.000879940867973672 0 0.00077808295920511 0 0.00215596231377876 0 0.00439077936333699 0.00206947218112021 0.00088781561845236
"auf dem bett und" 0 0 0.00195064859065639 0 0 0 0 0 0 0.00135974871843683 0 0 0.00140500744653947 0 0 0 0.00077808295920511 0 0 0.000940592196847135 0.00329308452250274 0.0010347360905601 0.00088781561845236
"auf eine weise die" 0 0 0 0 0.00402592696968477 0 0 0 0 0.00543899487374733 0.00352199485788751 0.00150771573527527 0 0 0 0 0.00077808295920511 0 0 0 0 0 0
"das erste mal daß" 0 0 0 0 0.00402592696968477 0 0.000986314881025767 0 0 0.00135974871843683 0.00176099742894375 0 0.00140500744653947 0 0 0 0.00077808295920511 0 0 0.000940592196847135 0 0 0.00088781561845236
"das hat er sich" 0 0 0 0 0 0 0 0 0 0 0 0 0.00351251861634867 0 0 0 0 0 0 0 0.00109769484083425 0 0.0044390780922618
"das mädchen ohne hände" 0 0 0 0 0 0 0 0.00903030900075526 0 0 0 0 0 0 0 0 0 0 0 0 0 0 0
"das müsse man sich" 0 0 0 0 0 0 0 0 0 0 0 0 0 0.00474743638435245 0.000879940867973672 0 0 0.00101603300075186 0.00215596231377876 0.00282177659054141 0 0.0010347360905601 0
"das war nicht zu" 0 0 0 0 0 0 0 0 0 0 0 0 0 0 0.00439970433986836 0.00204610557904788 0 0 0 0 0.0021953896816685 0.0010347360905601 0
"den kopf auf die" 0 0 0 0 0 0 0 0 0 0 0 0 0.000702503723269733 0 0 0.00068203519301596 0.00077808295920511 0 0 0.000940592196847135 0 0.00413894436224041 0.00266344685535708
"der größe nach geordnet" 0 0 0 0 0 0 0 0 0 0 0 0 0 0 0 0 0 0.00304809900225559 0 0.000940592196847135 0.00329308452250274 0 0.00355126247380944
"die tür hinter sich" 0.0020606023140564 0 0 0.000665318288269108 0 0 0.000493157440512884 0 0 0 0 0.000753857867637636 0.000702503723269733 0 0 0.00068203519301596 0 0.00101603300075186 0 0.000940592196847135 0.0021953896816685 0 0
"dry toast with butter" 0 0 0 0 0 0 0 0 0 0 0 0 0 0 0.00967934954771039 0 0 0 0 0 0 0 0
"durch das ganze haus" 0 0 0 0 0 0 0 0 0 0 0 0 0.000702503723269733 0 0 0 0.00155616591841022 0 0 0.00188118439369427 0.00109769484083425 0 0.0044390780922618
"er setzte sich in" 0 0 0 0 0 0 0 0 0 0 0 0 0 0.00118685909608811 0.00351976347189469 0.00136407038603192 0.00233424887761533 0 0.00215596231377876 0 0 0 0
"es noch wie heute" 0 0 0 0 0 0 0 0 0 0 0 0 0.00140500744653947 0.00118685909608811 0 0 0 0 0 0.00282177659054141 0 0.00310420827168031 0.00177563123690472
"es zeigte sich daß" 0 0 0 0.00133063657653822 0.00201296348484238 0 0.000493157440512884 0 0 0 0 0.000753857867637636 0 0 0 0.00136407038603192 0.00077808295920511 0 0.00431192462755751 0 0 0.0010347360905601 0
"heinrich v kreyl und" 0 0 0 0 0 0 0 0 0 0 0.0193709717183813 0 0 0 0 0 0 0 0 0 0 0 0
"hierhin und mal dorthin" 0 0 0 0 0 0 0 0 0 0 0 0 0.00281001489307893 0 0.000879940867973672 0.00204610557904788 0.00077808295920511 0 0 0 0 0.00206947218112021 0
"ich bin sicher daß" 0 0 0 0 0 0 0.000493157440512884 0.00328374872754737 0 0.00135974871843683 0.00528299228683126 0.00150771573527527 0 0 0 0 0 0 0 0 0 0 0
"ich weiß nicht wieviel" 0 0 0 0 0 0 0.000493157440512884 0 0 0 0 0 0.00140500744653947 0.00237371819217622 0 0.00136407038603192 0 0 0.00215596231377876 0.00282177659054141 0 0 0
"in den letzten tagen" 0 0 0 0 0 0 0 0 0 0 0 0.000753857867637636 0.00140500744653947 0 0.00439970433986836 0 0 0 0.00215596231377876 0 0.0021953896816685 0 0
"in die hand nehmen" 0 0 0 0.000665318288269108 0.00201296348484238 0.0037110570946134 0 0 0 0 0.00176099742894375 0.000753857867637636 0 0.00118685909608811 0.000879940867973672 0.00068203519301596 0.00077808295920511 0 0 0 0 0.0010347360905601 0
"ist das ja nun" 0 0 0 0 0 0 0 0 0 0 0 0 0.00491752606288813 0 0 0.00068203519301596 0 0 0 0 0 0.0010347360905601 0.00177563123690472
"kein kind von traurigkeit" 0 0 0 0 0 0 0 0 0 0 0 0 0 0.00118685909608811 0.000879940867973672 0.00136407038603192 0.00077808295920511 0 0.00431192462755751 0.000940592196847135 0.0021953896816685 0 0.00088781561845236
"links und rechts und" 0 0 0 0 0 0 0.000493157440512884 0 0 0 0 0 0.00140500744653947 0 0 0.00136407038603192 0.00155616591841022 0 0.00431192462755751 0 0 0.0010347360905601 0.00088781561845236
"nach dem großen knall" 0 0 0 0 0 0 0 0.00903030900075526 0 0 0 0 0 0 0 0 0 0 0 0 0 0 0
"nach einer halben stunde" 0 0.0011251378293841 0.00390129718131279 0 0 0 0.000986314881025767 0 0 0 0 0 0 0.00118685909608811 0 0 0.00077808295920511 0.00203206600150373 0 0 0 0.0010347360905601 0.00088781561845236
"nicht so ohne weiteres" 0 0 0 0 0 0 0 0 0 0 0 0.000753857867637636 0.00140500744653947 0 0.00175988173594734 0.00136407038603192 0.00077808295920511 0 0.00215596231377876 0.000940592196847135 0.00109769484083425 0 0
"sagte meine mutter die" 0 0 0 0 0 0 0 0 0 0 0 0 0 0.00474743638435245 0 0 0 0 0 0.00658414537792994 0 0 0
"sich eine zigarette an" 0.0010303011570282 0 0.00390129718131279 0 0 0 0 0 0 0.00135974871843683 0.00352199485788751 0 0.000702503723269733 0 0 0 0 0 0.00215596231377876 0 0.00329308452250274 0 0
"sich nicht entgehen lassen" 0 0.0011251378293841 0 0 0 0 0 0 0 0 0 0 0.000702503723269733 0 0.00351976347189469 0 0 0 0 0.00188118439369427 0 0.00310420827168031 0
"sie wüßt es noch" 0 0 0 0 0 0 0 0 0 0 0 0 0 0.00356057728826434 0 0 0 0 0 0.00564355318108281 0 0.00206947218112021 0
"soweit kommt das noch" 0 0 0 0 0 0 0 0 0 0 0 0 0 0.00237371819217622 0.00175988173594734 0 0.00077808295920511 0 0 0 0.00329308452250274 0.00206947218112021 0.00088781561845236
"und dann sah er" 0 0 0 0 0 0 0 0 0 0 0 0 0 0 0.00175988173594734 0.00204610557904788 0.00389041479602555 0 0 0 0.00109769484083425 0 0
"und daß er sich" 0 0 0 0 0 0 0 0 0 0 0 0 0.00281001489307893 0 0.000879940867973672 0.00068203519301596 0 0.00203206600150373 0 0 0 0.0010347360905601 0.00177563123690472
"und setzte sich an" 0 0.0011251378293841 0 0.000665318288269108 0 0 0 0 0 0 0 0 0 0.00118685909608811 0.00175988173594734 0.00068203519301596 0.00233424887761533 0.00101603300075186 0 0 0.00109769484083425 0 0
"unruhig in unruhiger zeit" 0 0 0 0 0 0 0 0 0 0 0 0 0 0 0.00967934954771039 0 0 0 0 0 0 0 0
"unten auf der straße" 0 0 0 0 0 0 0 0 0 0.00271949743687367 0 0 0.00351251861634867 0 0.000879940867973672 0 0 0 0 0 0.0021953896816685 0.0010347360905601 0
"von der art wie" 0 0 0 0 0 0 0 0 0 0 0 0 0.00140500744653947 0 0.00263982260392102 0.00068203519301596 0 0 0.00646788694133627 0 0 0.0010347360905601 0.00088781561845236
"von oben nach unten" 0 0 0 0.000665318288269108 0 0 0.00147947232153865 0 0 0 0 0 0 0 0.000879940867973672 0.00204610557904788 0 0 0 0.000940592196847135 0.00109769484083425 0 0.00088781561845236
"von vorn bis hinten" 0 0 0 0 0 0 0 0 0 0 0 0 0 0 0 0.00204610557904788 0.00077808295920511 0.00203206600150373 0 0.000940592196847135 0.00109769484083425 0.00310420827168031 0
"was noch alles kommt" 0 0 0 0 0 0 0 0 0 0 0 0 0.000702503723269733 0 0 0.00068203519301596 0 0.00101603300075186 0 0.00282177659054141 0.00439077936333699 0 0.00088781561845236
"was wer wie wo" 0 0 0 0 0 0 0 0 0 0 0 0 0 0.00237371819217622 0 0 0 0 0 0.00752473757477708 0 0.0010347360905601 0
"weiter und so weiter" 0.0020606023140564 0 0 0 0 0 0.00197262976205153 0 0 0 0 0 0 0 0.00175988173594734 0.00068203519301596 0 0 0 0 0.0021953896816685 0 0
"wer wie wo tut" 0 0 0 0 0 0 0 0 0 0 0 0 0 0.00237371819217622 0 0 0 0 0 0.00752473757477708 0 0.0010347360905601 0
"wie er es immer" 0 0 0 0 0 0 0 0 0 0.00135974871843683 0 0 0.000702503723269733 0 0.000879940867973672 0.00204610557904788 0.00155616591841022 0 0.00215596231377876 0 0.0021953896816685 0 0
"wie in alten zeiten" 0 0 0 0 0 0 0.000986314881025767 0 0 0 0 0 0.00140500744653947 0 0.00175988173594734 0.00068203519301596 0.00155616591841022 0.00203206600150373 0 0 0 0 0
"wie isses nun zu" 0 0 0 0 0 0 0 0 0 0 0 0 0 0.00237371819217622 0 0 0 0 0 0.00752473757477708 0 0.0010347360905601 0
"wo war man stehengeblieben" 0 0 0 0 0 0 0 0 0 0 0 0 0.000702503723269733 0 0.00263982260392102 0.00136407038603192 0.00077808295920511 0 0 0.00188118439369427 0 0.00206947218112021 0
"aber es war nicht" 0 0 0 0 0 0 0.000493157440512884 0 0 0.00135974871843683 0 0.000753857867637636 0 0 0.00175988173594734 0.00068203519301596 0.00311233183682044 0 0 0 0 0 0
"alles mit der hand" 0 0 0 0 0 0 0 0 0 0 0 0 0 0.00118685909608811 0.00175988173594734 0.00068203519301596 0.00389041479602555 0 0 0 0 0 0.00088781561845236
"an den fingern her" 0 0 0 0 0 0 0 0 0 0 0 0 0.000702503723269733 0 0.00351976347189469 0 0.00311233183682044 0 0 0 0 0 0.00088781561845236
"an den flügel und" 0 0 0 0 0 0 0 0 0 0 0.00352199485788751 0 0.00281001489307893 0.00118685909608811 0.000879940867973672 0 0 0 0 0 0.00109769484083425 0 0.00088781561845236
"auch nicht so einfach" 0 0 0 0 0 0 0 0 0 0 0 0.000753857867637636 0.0021075111698092 0 0.000879940867973672 0 0 0 0 0.00282177659054141 0.0021953896816685 0 0
"auf dem tisch und" 0 0 0 0 0 0 0 0.000820937181886842 0 0 0 0 0.00140500744653947 0.00118685909608811 0 0.00136407038603192 0 0 0 0.000940592196847135 0.0021953896816685 0 0.00088781561845236
"auf den letzten drücker" 0 0 0 0 0 0 0 0 0 0 0 0 0 0 0.00175988173594734 0.00204610557904788 0 0 0 0.000940592196847135 0.00439077936333699 0 0
"auf der einen seite" 0 0 0 0 0 0 0.000493157440512884 0 0 0 0 0 0.000702503723269733 0 0.000879940867973672 0 0.00155616591841022 0.00203206600150373 0 0 0.00109769484083425 0 0.00177563123690472
"auf die straße und" 0 0.0011251378293841 0 0 0 0 0 0 0 0.00271949743687367 0 0 0.00140500744653947 0 0.000879940867973672 0 0 0 0.00215596231377876 0 0.0021953896816685 0 0.00088781561845236
"aus der hand und" 0.0010303011570282 0.0011251378293841 0.00390129718131279 0.000665318288269108 0 0 0 0 0 0.00135974871843683 0 0 0.000702503723269733 0 0 0 0 0.00101603300075186 0.00215596231377876 0 0 0 0.00088781561845236
"das gar nicht so" 0 0 0 0 0 0 0 0 0 0 0 0.000753857867637636 0 0 0.000879940867973672 0.00204610557904788 0.00077808295920511 0 0.00215596231377876 0.00188118439369427 0.00109769484083425 0 0
"das kannst du nicht" 0 0.0011251378293841 0 0.00199595486480732 0 0.0018555285473067 0 0 0 0 0 0 0.00140500744653947 0.00118685909608811 0 0 0 0.00101603300075186 0 0 0 0 0.00088781561845236
"das kriegen wir schon" 0 0 0 0 0 0 0 0 0 0 0 0 0 0.00118685909608811 0 0.00068203519301596 0 0 0.00215596231377876 0 0.00329308452250274 0.00413894436224041 0
"das war die devise" 0 0 0 0 0 0 0 0 0 0 0 0 0 0 0.000879940867973672 0.00272814077206384 0.00077808295920511 0.00101603300075186 0 0 0.0021953896816685 0.0010347360905601 0
"das war noch das" 0 0 0 0 0 0 0 0 0 0 0 0 0 0 0.000879940867973672 0.00068203519301596 0.00155616591841022 0 0.00215596231377876 0 0.00109769484083425 0.00310420827168031 0.00088781561845236
"daß es sich bei" 0 0.0011251378293841 0 0 0 0 0.000493157440512884 0 0 0 0 0.000753857867637636 0 0 0.00175988173594734 0.00068203519301596 0.00155616591841022 0 0.00215596231377876 0 0.00109769484083425 0 0
"daß sie sich mit" 0 0.0011251378293841 0 0 0 0.0037110570946134 0.000493157440512884 0 0 0 0 0 0.000702503723269733 0 0 0.00068203519301596 0.00155616591841022 0.00101603300075186 0.00215596231377876 0 0 0 0
"der heil und pflegeanstalt" 0 0 0 0 0 0 0.00443841696461595 0.000820937181886842 0 0 0 0 0 0 0 0 0 0 0 0 0 0 0
"die geschichte von dem" 0 0 0.00585194577196918 0 0 0.0018555285473067 0 0 0 0.00543899487374733 0 0 0 0 0 0.00136407038603192 0 0 0 0 0 0 0
"eigentlich gar nicht so" 0 0 0 0 0 0 0 0 0 0 0 0 0.00281001489307893 0 0.00175988173594734 0.00068203519301596 0.00077808295920511 0 0 0 0 0 0.00177563123690472
"eine nach der anderen" 0 0.0011251378293841 0 0 0 0 0 0 0 0 0 0 0.00140500744653947 0 0.00175988173594734 0 0.00077808295920511 0 0 0 0.0021953896816685 0.00206947218112021 0
"eine zigarette an und" 0.0010303011570282 0 0.00390129718131279 0 0 0 0.000493157440512884 0 0 0.00135974871843683 0 0 0.000702503723269733 0 0 0 0 0 0.00215596231377876 0 0.00329308452250274 0 0
"einen blick auf die" 0.0010303011570282 0.0033754134881523 0 0 0 0 0.000986314881025767 0 0 0 0 0 0.000702503723269733 0 0 0.00068203519301596 0.00077808295920511 0 0 0 0.00109769484083425 0 0
"einen schluck aus der" 0 0 0 0 0 0 0 0 0 0.00271949743687367 0 0 0.00140500744653947 0 0 0.00068203519301596 0 0.00101603300075186 0.00215596231377876 0.000940592196847135 0.00109769484083425 0 0.00088781561845236
"einer neben dem andern" 0 0 0 0 0 0 0 0 0 0 0 0 0.00140500744653947 0 0.00175988173594734 0.00136407038603192 0 0 0 0 0.0021953896816685 0.00206947218112021 0
"eines neben dem anderen" 0 0 0 0 0 0 0 0 0 0 0 0 0.000702503723269733 0 0.00439970433986836 0.00136407038603192 0 0 0 0 0.0021953896816685 0 0
"er nahm sich vor" 0 0 0 0 0 0 0 0 0 0 0 0 0 0 0.00263982260392102 0 0.00233424887761533 0 0.00862384925511502 0 0 0 0
"er setzte sich auf" 0 0.0011251378293841 0.00195064859065639 0 0 0 0 0 0 0 0 0 0 0 0.00175988173594734 0.00272814077206384 0.00077808295920511 0 0 0 0.00109769484083425 0 0
"er sich auf den" 0 0 0 0 0 0.0018555285473067 0.000493157440512884 0.000820937181886842 0 0 0 0 0 0 0 0 0.00077808295920511 0 0 0 0 0.0010347360905601 0.0044390780922618
"er stand auf und" 0 0 0 0 0 0 0 0 0 0.00135974871843683 0 0 0 0.00356057728826434 0 0.00068203519301596 0.00077808295920511 0.00101603300075186 0 0.000940592196847135 0.00109769484083425 0.0010347360905601 0
"ernst werner von kallroy" 0 0 0 0 0 0 0 0 0 0 0 0 0 0 0.000879940867973672 0.00613831673714364 0 0 0 0 0 0 0
"es an der zeit" 0 0 0 0 0 0.0018555285473067 0.00147947232153865 0.000820937181886842 0 0 0 0 0.000702503723269733 0 0.000879940867973672 0.00068203519301596 0.00155616591841022 0 0 0 0 0 0
"es war als ob" 0 0 0 0 0 0 0 0 0 0 0 0 0 0 0.00175988173594734 0 0.00077808295920511 0.00508016500375932 0 0 0 0.0010347360905601 0.00088781561845236
"es was es wolle" 0.0010303011570282 0 0 0.000665318288269108 0 0 0.000493157440512884 0 0 0 0 0 0 0 0.000879940867973672 0.00136407038603192 0.00077808295920511 0 0 0.000940592196847135 0 0 0.00177563123690472
"freute sich daß er" 0 0 0 0 0 0 0 0 0 0 0 0 0 0 0 0.00068203519301596 0.00622466367364088 0 0.00215596231377876 0 0 0 0
"guckt aus dem fenster" 0 0 0 0 0 0 0 0 0 0 0 0 0.00351251861634867 0 0 0.00068203519301596 0 0 0 0 0.00109769484083425 0 0.00266344685535708
"hätte nicht viel gefehlt" 0 0 0 0 0 0 0 0 0 0 0 0 0 0 0.00175988173594734 0.00204610557904788 0.00077808295920511 0.00203206600150373 0 0 0.0021953896816685 0 0
"heinrich v kreyl ich" 0 0 0 0 0 0 0 0 0 0 0.0176099742894375 0 0 0 0 0 0 0 0 0 0 0 0
"ich kann ihnen sagen" 0 0 0 0 0 0 0 0 0 0 0 0.00301543147055054 0 0 0 0 0.00077808295920511 0 0 0 0.00109769484083425 0 0.00355126247380944
"ich nehme an daß" 0 0.0033754134881523 0 0 0 0 0.000493157440512884 0.000820937181886842 0 0.00679874359218416 0 0 0 0 0 0 0 0 0 0 0 0 0
"immer auf und ab" 0 0 0 0 0 0 0 0 0 0 0 0 0.000702503723269733 0 0 0 0 0.00812826400601492 0 0 0 0 0.00088781561845236
"in den mund und" 0 0 0.00390129718131279 0 0 0 0 0 0 0.00135974871843683 0 0 0 0.00237371819217622 0 0.00068203519301596 0.00077808295920511 0.00101603300075186 0 0 0.00109769484083425 0 0.00088781561845236
"in der ecke ein" 0 0 0 0 0 0 0 0 0 0 0 0 0 0 0.000879940867973672 0.00204610557904788 0 0.00101603300075186 0.00215596231377876 0.00282177659054141 0.00109769484083425 0 0
"in der ferne ein" 0 0 0 0 0 0 0 0 0 0 0 0 0.000702503723269733 0 0.000879940867973672 0.00136407038603192 0.00233424887761533 0 0 0.00188118439369427 0.00109769484083425 0 0
"in der hand den" 0 0 0 0 0 0 0 0 0 0.00135974871843683 0 0 0.000702503723269733 0.00118685909608811 0.000879940867973672 0 0 0 0 0.00188118439369427 0.00109769484083425 0.00310420827168031 0
"in der hand gehalten" 0 0.0011251378293841 0 0 0 0 0 0 0 0.00135974871843683 0 0 0.000702503723269733 0.00118685909608811 0.000879940867973672 0.00068203519301596 0.00155616591841022 0 0 0 0.00109769484083425 0.0010347360905601 0
"ist gar nicht so" 0 0 0 0 0 0 0.000986314881025767 0 0 0.00135974871843683 0.00176099742894375 0 0.0021075111698092 0 0 0 0.00077808295920511 0 0 0 0.00109769484083425 0.0010347360905601 0
"karl v kreyl ja" 0 0 0 0 0 0 0 0 0 0 0.0176099742894375 0 0 0 0 0 0 0 0 0 0 0 0
"karl v kreyl nein" 0 0 0 0 0 0 0 0 0 0 0.0176099742894375 0 0 0 0 0 0 0 0 0 0 0 0
