"cb_jauche_1975" "cb_quints_1985" "cb_tessin_1960" "cw_kindheitsmuster_1976" "cw_medea_1996" "cw_nachdenken_1968" "gg_blechtrommel_1959" "gg_raettin_1986" "gg_schnecke_1972" "hb_clown_1963" "hb_frauen_1975" "hb_gruppenbild_1971" "wk_aussicht_1981" "wk_gold_1972" "wk_gruesse_2003" "wk_heilewelt_1998" "wk_hundstage_1988" "wk_kapitel_1975" "wk_markbein_1991" "wk_tadel_1971" "wk_umsonst_2006" "wk_willkommen_1984" "wk_zeit_1978"
"und so weiter und so" 0.00206062354468462 0 0 0 0 0 0.00197263949026996 0 0 0 0 0 0.000702508658419215 0.00118687318260044 0.00439974305500559 0.00613835860290958 0.00155617802676626 0.00203208664817468 0.00215600879651589 0 0.00548853445153075 0.00517373398729331 0.00355129400275225
"so weiter und so fort" 0 0 0 0 0 0 0 0 0 0 0 0 0.000702508658419215 0.00118687318260044 0.00263984583300335 0.00545631875814185 0.00155617802676626 0.00203208664817468 0.00215600879651589 0 0.00329312067091845 0.00517373398729331 0.00355129400275225
"rättin von der mir träumt" 0 0 0 0 0 0 0 0.0238073737183013 0 0 0 0 0 0 0 0 0 0 0 0 0 0 0
"die rättin von der mir" 0 0 0 0 0 0 0 0.0229864297969806 0 0 0 0 0 0 0 0 0 0 0 0 0 0 0
"es stellte sich heraus daß" 0.00103031177234231 0.00337545146663366 0 0.000665322714782805 0 0.00371112595561493 0 0 0 0 0 0 0 0 0.000879948611001118 0.00272815937907093 0.000778089013383131 0 0.00431201759303178 0 0.00109770689030615 0.00413898718983465 0
"klare sache und damit hopp" 0 0 0 0 0 0 0 0 0 0 0 0 0.000702508658419215 0.00118687318260044 0 0 0 0.00304812997226202 0 0.0122278135728731 0 0.00206949359491732 0
"die hand auf die schulter" 0 0 0 0.00133064542956561 0 0.00371112595561493 0 0 0 0.00543906883141606 0 0.000753863550697324 0 0 0.000879948611001118 0.00204611953430319 0.000778089013383131 0 0 0.000940601044067159 0.0043908275612246 0 0
"die hände auf dem rücken" 0.00618187063405386 0.00112515048887789 0 0.000665322714782805 0 0 0 0 0 0 0 0 0.000702508658419215 0.00237374636520088 0.000879948611001118 0.00204611953430319 0.000778089013383131 0.00203208664817468 0 0 0 0 0.000887823500688063
"wie isses nun bloß möglich" 0 0 0 0 0 0 0 0 0 0 0 0 0 0 0 0 0 0 0 0.0141090156610074 0 0.00206949359491732 0
"mal so und mal so" 0 0 0 0 0 0 0 0.0024628317639622 0 0 0 0 0.000702508658419215 0 0.00263984583300335 0 0.000778089013383131 0.00101604332408734 0 0 0.00109770689030615 0.00310424039237599 0.00266347050206419
"von einem zimmer ins andere" 0 0 0 0 0 0 0 0 0 0 0 0 0.00140501731683843 0.00356061954780132 0 0.00136407968953546 0.00233426704014939 0 0 0 0.00329312067091845 0.00310424039237599 0
"my name is alexander sowtschick" 0 0 0 0 0 0 0 0 0 0 0 0 0 0 0.0131992291650168 0 0 0 0 0 0 0 0
"müsse man sich mal vorstellen" 0 0 0 0 0 0 0 0 0 0 0 0 0 0.0059343659130022 0.000879948611001118 0.000682039844767731 0 0.00101604332408734 0.00215600879651589 0.00282180313220148 0 0.00206949359491732 0
"bis auf den heutigen tag" 0 0 0 0.000665322714782805 0 0.00185556297780747 0 0 0 0 0 0.00753863550697324 0 0 0 0 0 0 0 0 0 0 0
"die hände in den taschen" 0 0 0 0 0 0.00185556297780747 0 0 0 0 0 0 0 0.00118687318260044 0 0 0.000778089013383131 0.00203208664817468 0 0.000940601044067159 0.00548853445153075 0 0.000887823500688063
"er stellte sich vor daß" 0 0 0 0 0 0 0 0 0 0 0 0 0 0 0.000879948611001118 0.000682039844767731 0.00622471210706505 0 0.00431201759303178 0 0 0 0
"ist die schwarze köchin da" 0 0 0 0 0 0 0.00591791847080987 0 0 0 0 0 0 0 0 0 0 0 0 0 0 0 0
"sagte die rättin von der" 0 0 0 0 0 0 0 0.00985132705584882 0 0 0 0 0 0 0 0 0 0 0 0 0 0 0
"was ist das für ein" 0 0.00337545146663366 0 0 0 0 0 0 0 0 0 0.00376931775348662 0 0.00118687318260044 0 0.000682039844767731 0 0 0 0.000940601044067159 0 0 0.000887823500688063
"das müsse man sich mal" 0 0 0 0 0 0 0 0 0 0 0 0 0 0.00474749273040176 0.000879948611001118 0 0 0.00101604332408734 0.00215600879651589 0.00282180313220148 0 0.00103474679745866 0
"ist das ja nun nicht" 0 0 0 0 0 0 0 0 0 0 0 0 0.0049175606089345 0 0 0.000682039844767731 0 0 0 0 0 0.00103474679745866 0.00177564700137613
"mal hierhin und mal dorthin" 0 0 0 0 0 0 0 0 0 0 0 0 0.00281003463367686 0 0.000879948611001118 0.00204611953430319 0.000778089013383131 0 0 0 0 0.00206949359491732 0
"so ist das ja nun" 0 0 0 0 0 0 0 0 0 0 0 0 0.0049175606089345 0 0 0.000682039844767731 0 0 0 0 0 0.00103474679745866 0.00177564700137613
"so weiter und so weiter" 0.00206062354468462 0 0 0 0 0 0.00197263949026996 0 0 0 0 0 0 0 0.00175989722200224 0.000682039844767731 0 0 0 0 0.0021954137806123 0 0
"was wer wie wo tut" 0 0 0 0 0 0 0 0 0 0 0 0 0 0.00237374636520088 0 0 0 0 0 0.00752480835253727 0 0.00103474679745866 0
"das muß man sich mal" 0 0 0 0 0 0 0 0 0 0 0 0 0.000702508658419215 0 0.000879948611001118 0.000682039844767731 0.000778089013383131 0 0.00215600879651589 0 0.0021954137806123 0.00103474679745866 0.00177564700137613
"ich ging in die küche" 0 0 0.00975343320848939 0 0 0 0.000493159872567489 0 0 0.00543906883141606 0 0 0 0 0 0 0 0 0 0 0 0 0
"links und mal nach rechts" 0 0 0 0 0 0 0 0 0 0 0 0 0.000702508658419215 0 0.000879948611001118 0.00136407968953546 0 0.00101604332408734 0 0 0.00109770689030615 0.00206949359491732 0.00177564700137613
"mal nach links und mal" 0 0 0 0 0 0 0 0 0 0 0 0 0.000702508658419215 0 0.000879948611001118 0.00136407968953546 0 0.00101604332408734 0 0 0.00109770689030615 0.00206949359491732 0.00177564700137613
"nach links und mal nach" 0 0 0 0 0 0 0 0 0 0 0 0 0.000702508658419215 0 0.000879948611001118 0.00136407968953546 0 0.00101604332408734 0 0 0.00109770689030615 0.00206949359491732 0.00177564700137613
"und er stellte sich vor" 0 0 0 0 0 0 0 0 0 0 0 0 0 0 0.000879948611001118 0 0.00466853408029879 0 0.00646802638954767 0 0 0 0
"und es stellte sich heraus" 0 0 0 0 0 0 0 0 0 0 0 0 0 0 0.000879948611001118 0.000682039844767731 0.000778089013383131 0 0.00431201759303178 0 0.00109770689030615 0.00413898718983465 0
"das ja nun nicht daß" 0 0 0 0 0 0 0 0 0 0 0 0 0.00140501731683843 0 0 0.000682039844767731 0.000778089013383131 0 0 0 0 0.00310424039237599 0.00177564700137613
"de düwel in de föör" 0 0 0 0 0 0 0 0 0 0 0 0 0 0 0 0 0.00700280112044818 0 0 0 0 0 0
"den lieben gott einen guten" 0 0 0 0 0 0 0 0 0 0 0 0 0.000702508658419215 0.00118687318260044 0.000879948611001118 0 0.000778089013383131 0.00101604332408734 0 0.00188120208813432 0.0021954137806123 0 0
"geht s wie steht s" 0 0 0 0 0 0 0 0 0 0 0 0 0 0.00118687318260044 0.000879948611001118 0 0.00155617802676626 0 0 0 0.00109770689030615 0.00103474679745866 0.00266347050206419
"gott einen guten mann sein" 0 0 0 0 0 0 0 0 0 0 0 0 0.000702508658419215 0.00118687318260044 0.000879948611001118 0 0.000778089013383131 0.00101604332408734 0 0.00188120208813432 0.0021954137806123 0 0
"hätte nicht viel gefehlt und" 0 0 0 0 0 0 0 0 0 0 0 0 0 0 0.00175989722200224 0.00136407968953546 0.000778089013383131 0.00203208664817468 0 0 0.0021954137806123 0 0
"ich war drauf und dran" 0 0 0.00390137328339576 0 0 0 0 0 0 0.00679883603927008 0 0.00150772710139465 0 0 0 0 0 0 0 0 0 0 0
"im zimmer auf und ab" 0 0 0.00585205992509363 0 0 0 0 0 0 0 0 0 0.00140501731683843 0.00118687318260044 0.000879948611001118 0 0 0 0 0 0.00109770689030615 0.00103474679745866 0
"koste es was es wolle" 0 0 0 0.000665322714782805 0 0 0.000493159872567489 0 0 0 0 0 0 0 0.000879948611001118 0.00136407968953546 0.000778089013383131 0 0 0.000940601044067159 0 0 0.00177564700137613
"lieben gott einen guten mann" 0 0 0 0 0 0 0 0 0 0 0 0 0.000702508658419215 0.00118687318260044 0.000879948611001118 0 0.000778089013383131 0.00101604332408734 0 0.00188120208813432 0.0021954137806123 0 0
"mit allem drum und dran" 0 0 0 0 0 0 0.000493159872567489 0.00164188784264147 0 0 0 0.000753863550697324 0 0 0 0.000682039844767731 0.000778089013383131 0 0 0 0.00109770689030615 0.00103474679745866 0.000887823500688063
"mit kranz um den kopf" 0 0 0 0 0 0 0 0 0 0 0 0 0 0 0.000879948611001118 0.00136407968953546 0.00311235605353252 0 0 0 0.0021954137806123 0 0
"ohne h aber mit ck" 0 0 0 0 0 0 0 0 0 0 0 0 0 0 0 0.00613835860290958 0 0 0 0 0 0 0
"sanft ruhn alle die toten" 0 0 0 0 0 0 0 0 0 0 0 0 0.000702508658419215 0.00118687318260044 0 0 0 0 0 0.00470300522033579 0 0.00103474679745866 0.000887823500688063
"so sanft ruhn alle die" 0 0 0 0 0 0 0 0 0 0 0 0 0.000702508658419215 0.00118687318260044 0 0 0 0 0 0.00470300522033579 0 0.00103474679745866 0.000887823500688063
"so tun als ob man" 0 0 0 0 0 0 0 0 0 0 0 0 0.00140501731683843 0.00118687318260044 0 0 0.000778089013383131 0.00203208664817468 0 0.00188120208813432 0 0.00103474679745866 0
"und es war klar daß" 0 0 0 0 0 0 0 0 0 0 0 0 0 0 0 0.00272815937907093 0.000778089013383131 0 0.00215600879651589 0 0 0.00310424039237599 0
"was ist das für eine" 0.00103031177234231 0.00112515048887789 0.00390137328339576 0 0 0 0 0 0 0 0.00352205688121863 0.00150772710139465 0 0.00118687318260044 0 0 0 0 0 0 0 0 0
"was nützt das schlechte leben" 0 0 0 0 0 0 0 0 0 0 0 0 0 0.00237374636520088 0 0 0 0 0 0.00282180313220148 0.00109770689030615 0.00206949359491732 0.000887823500688063
"weiß es noch wie heute" 0 0 0 0 0 0 0 0 0 0 0 0 0.00140501731683843 0.00118687318260044 0 0 0 0 0 0.00188120208813432 0 0.00206949359491732 0.00177564700137613
"wie geht s wie steht" 0 0 0 0 0 0 0 0 0 0 0 0 0 0.00118687318260044 0.000879948611001118 0 0.00155617802676626 0 0 0 0.00109770689030615 0.00103474679745866 0.00266347050206419
"alljährlich naht vom himmel eine" 0 0 0 0 0 0 0 0 0 0 0 0 0.00140501731683843 0 0 0 0 0 0 0.00282180313220148 0 0 0.00266347050206419
"aus was für gründen auch" 0 0 0 0 0 0 0 0 0 0 0 0 0.00140501731683843 0 0.000879948611001118 0.000682039844767731 0.000778089013383131 0 0 0.000940601044067159 0 0 0.00177564700137613
"buch zu ich kann s" 0 0 0 0 0 0 0 0 0 0 0 0 0 0.00118687318260044 0 0 0 0.00203208664817468 0 0.00470300522033579 0 0 0
"das eine oder das andere" 0 0 0 0 0 0 0 0 0 0 0 0 0 0 0.000879948611001118 0 0 0.00203208664817468 0 0.000940601044067159 0.0043908275612246 0 0
"das ist natürlich wieder alles" 0 0 0 0 0 0 0 0 0 0 0 0 0.000702508658419215 0.00356061954780132 0 0 0 0.00101604332408734 0 0.00282180313220148 0 0 0
"das konnte nicht geduldet werden" 0 0 0 0 0 0 0 0 0 0 0 0 0 0.00118687318260044 0.000879948611001118 0.000682039844767731 0 0.00101604332408734 0 0 0.0021954137806123 0.00206949359491732 0
"den finger auf die lippen" 0 0.00112515048887789 0 0 0 0 0 0 0 0 0 0 0 0.00118687318260044 0.000879948611001118 0.00136407968953546 0 0 0 0 0.0021954137806123 0.00103474679745866 0
"die tränen in die augen" 0 0 0 0.00199596814434842 0 0 0 0 0 0 0 0 0 0 0 0 0 0.00101604332408734 0 0 0 0.00103474679745866 0.00266347050206419
"die welt ist ein dorf" 0 0 0 0 0 0 0 0 0 0 0 0 0 0 0.00263984583300335 0.00136407968953546 0 0 0 0 0.0021954137806123 0.00103474679745866 0
"es war die frage ob" 0 0 0 0 0 0 0 0 0 0 0 0 0 0.00237374636520088 0.00263984583300335 0 0 0 0.00215600879651589 0 0.0021954137806123 0 0
"gold gab ich für eisen" 0 0 0 0 0 0 0 0 0 0 0 0 0.00281003463367686 0 0 0 0 0 0 0.000940601044067159 0 0 0.00266347050206419
"ich weiß bis heute nicht" 0 0 0 0 0 0 0 0 0 0.00679883603927008 0.00176102844060932 0.00150772710139465 0 0 0 0 0 0 0 0 0 0 0
"ist natürlich wieder alles falsch" 0 0 0 0 0 0 0 0 0 0 0 0 0.000702508658419215 0.00356061954780132 0 0 0 0.00101604332408734 0 0.00282180313220148 0 0 0
"kein nichts kein gar nichts" 0 0 0 0 0 0 0 0 0 0 0 0 0 0.00474749273040176 0 0 0 0.00101604332408734 0 0.000940601044067159 0.0021954137806123 0 0
"naht vom himmel eine taube" 0 0 0 0 0 0 0 0 0 0 0 0 0.00140501731683843 0 0 0 0 0 0 0.00282180313220148 0 0 0.00266347050206419
"nicht viel gefehlt und er" 0 0 0 0 0 0 0 0 0 0 0 0 0 0.00118687318260044 0.000879948611001118 0.00136407968953546 0.000778089013383131 0.00101604332408734 0 0 0.0021954137806123 0 0
"oh sie wüßt es noch" 0 0 0 0 0 0 0 0 0 0 0 0 0 0.00118687318260044 0 0 0 0 0 0.00564360626440295 0 0.00103474679745866 0
"sie so sanft ruhn alle" 0 0 0 0 0 0 0 0 0 0 0 0 0.000702508658419215 0.00118687318260044 0 0 0 0 0 0.00376240417626864 0 0.00103474679745866 0.000887823500688063
"und er nahm sich vor" 0 0 0 0 0 0 0 0 0 0 0 0 0 0 0.00175989722200224 0 0.00155617802676626 0 0.00862403518606356 0 0 0 0
"was für gründen auch immer" 0 0 0 0 0 0 0 0 0 0 0 0 0.00140501731683843 0 0.000879948611001118 0.000682039844767731 0.000778089013383131 0 0 0.000940601044067159 0 0 0.00177564700137613
"was hatte man alles erlebt" 0 0 0 0 0 0 0 0 0 0 0 0 0 0.00237374636520088 0 0.000682039844767731 0 0 0 0.00188120208813432 0 0.00310424039237599 0
"was ist denn das für" 0 0 0 0 0 0 0 0 0 0 0 0 0.000702508658419215 0 0.00175989722200224 0.00136407968953546 0 0 0 0 0 0 0.00266347050206419
"weiß wozu s gut ist" 0 0 0 0 0 0 0 0 0 0 0 0 0 0.0059343659130022 0 0 0 0.00101604332408734 0 0 0 0.00103474679745866 0.000887823500688063
"wer weiß wozu s gut" 0 0 0 0 0 0 0 0 0 0 0 0 0 0.0059343659130022 0 0 0 0.00101604332408734 0 0 0 0.00103474679745866 0.000887823500688063
"wie sie so sanft ruhn" 0 0 0 0 0 0 0 0 0 0 0 0 0.000702508658419215 0.00118687318260044 0 0 0 0 0 0.00376240417626864 0 0.00103474679745866 0.000887823500688063
"zu ich kann s so" 0 0 0 0 0 0 0 0 0 0 0 0 0 0.00118687318260044 0 0 0 0.00203208664817468 0 0.00470300522033579 0 0 0
"an den flügel und spielt" 0 0 0 0 0 0 0 0 0 0 0.00352205688121863 0 0.00281003463367686 0 0 0 0 0 0 0 0 0 0.000887823500688063
"beide maschinen volle kraft voraus" 0 0 0 0 0 0 0 0 0 0 0 0 0.000702508658419215 0.00237374636520088 0 0 0 0.00101604332408734 0 0.00282180313220148 0 0 0
"das nahm er sich vor" 0 0 0 0 0 0 0 0 0 0 0 0 0 0 0.000879948611001118 0.000682039844767731 0.00311235605353252 0 0.00215600879651589 0 0 0 0
"das waren noch zeiten gewesen" 0 0 0 0 0 0 0 0 0 0 0 0 0.000702508658419215 0 0 0 0 0.00101604332408734 0 0.000940601044067159 0.0021954137806123 0.00206949359491732 0
"den kopf in die hand" 0 0.00112515048887789 0 0 0 0 0 0 0 0 0 0 0 0.00118687318260044 0 0.00136407968953546 0.00155617802676626 0 0 0 0 0 0.000887823500688063
"der regent dirigent das regent" 0 0 0 0 0 0 0 0 0 0 0 0 0.000702508658419215 0 0 0 0 0 0 0 0 0 0.00532694100412838
"dir in den himmel hinein" 0.00206062354468462 0 0 0 0 0.00185556297780747 0 0 0 0 0 0 0.000702508658419215 0.00118687318260044 0 0.000682039844767731 0 0.00101604332408734 0 0 0 0 0
"du mir so ich dir" 0 0 0 0 0 0 0 0 0 0 0 0 0.000702508658419215 0.00237374636520088 0 0 0 0 0 0.00376240417626864 0 0 0
"einen guten mann sein lassen" 0 0 0 0 0 0 0 0 0 0 0 0 0 0.00118687318260044 0.000879948611001118 0 0.000778089013383131 0.00101604332408734 0 0.00188120208813432 0.00109770689030615 0 0
"es dauerte eine weile bis" 0 0 0 0 0 0 0 0 0 0 0 0 0 0 0 0.00136407968953546 0.000778089013383131 0 0 0 0.0043908275612246 0 0
"es stellt sich heraus daß" 0.00515155886171155 0 0 0.00133064542956561 0 0 0 0 0 0 0 0 0 0 0 0 0 0 0 0 0 0 0
"es war einmal ein musiker" 0 0 0 0 0 0 0.00345211910797242 0 0 0 0 0 0 0 0 0 0 0 0 0 0 0 0
"gar nicht mal so schlecht" 0 0 0 0 0 0 0 0 0 0 0 0 0.00210752597525764 0 0 0.000682039844767731 0 0.00101604332408734 0 0 0 0.00103474679745866 0.000887823500688063
"gar nicht so einfach ist" 0 0 0 0 0 0 0 0 0 0 0 0 0.00281003463367686 0 0.000879948611001118 0.000682039844767731 0 0 0.00215600879651589 0 0 0 0
"herren von der waffen ss" 0 0 0 0 0 0 0 0 0 0 0 0 0 0 0 0 0 0 0 0 0 0.00724322758221063 0
"hier ganz in der nähe" 0 0 0 0 0 0 0 0 0 0 0 0 0.00140501731683843 0 0.00175989722200224 0.000682039844767731 0 0 0 0 0.00109770689030615 0.00103474679745866 0
"ich bin doch kein unmensch" 0 0 0 0 0 0 0 0 0 0 0 0.00527704485488127 0 0 0 0 0 0 0 0 0 0 0
"ich oder soll ich nicht" 0 0 0 0 0 0 0.00197263949026996 0 0 0 0.00352205688121863 0 0 0 0 0.000682039844767731 0 0 0 0 0 0 0
"ich tanze mit dir in" 0.00206062354468462 0 0 0 0 0.00185556297780747 0 0 0 0 0 0 0.000702508658419215 0.00118687318260044 0 0.000682039844767731 0 0.00101604332408734 0 0 0 0 0
"ich weiß es noch wie" 0 0 0 0 0 0 0 0 0 0 0 0 0 0.00118687318260044 0 0 0 0 0 0.00282180313220148 0 0.00206949359491732 0.000887823500688063
"ich weiß nicht ob sie" 0 0 0.00195068664169788 0 0 0.00185556297780747 0.00147947961770247 0 0 0 0 0.000753863550697324 0 0 0 0 0 0 0 0.000940601044067159 0 0 0
"in die herz jesu kirche" 0 0 0 0 0 0 0.00295895923540493 0.000820943921320735 0 0 0 0 0 0 0 0 0 0 0 0 0 0 0
"ist denn das für ein" 0 0 0 0 0 0 0 0 0 0 0 0 0.000702508658419215 0 0.00175989722200224 0.000682039844767731 0 0 0 0 0 0 0.00266347050206419
"ist gar nicht so einfach" 0 0 0 0 0 0 0.000986319745134978 0 0 0 0 0 0.00210752597525764 0 0 0 0 0 0 0 0.00109770689030615 0.00103474679745866 0
"kein schöner land in dieser" 0 0 0 0.00199596814434842 0 0 0 0 0 0 0 0 0.000702508658419215 0 0 0.00136407968953546 0 0 0 0 0.00109770689030615 0 0
"lacke und farben en gros" 0 0 0 0 0 0 0 0 0 0 0 0 0.00210752597525764 0 0 0 0 0 0 0 0 0 0.00355129400275225
"legte sich auf das bett" 0 0 0 0 0 0 0 0 0 0 0 0 0 0 0.000879948611001118 0 0.00233426704014939 0 0.00215600879651589 0 0.0021954137806123 0 0
"mach s buch zu ich" 0 0 0 0 0 0 0 0 0 0 0 0 0 0.00118687318260044 0 0 0 0.00101604332408734 0 0.00470300522033579 0 0 0
"mädchen mit den abgehauenen händen" 0 0 0 0 0 0 0 0.00574660744924514 0 0 0 0 0 0 0 0 0 0 0 0 0 0 0
"mit der faust auf den" 0 0 0 0 0 0 0.000493159872567489 0 0 0 0.00176102844060932 0 0 0 0.000879948611001118 0.000682039844767731 0.000778089013383131 0.00101604332408734 0 0 0 0.00103474679745866 0
"mit dir in den himmel" 0.00206062354468462 0 0 0 0 0.00185556297780747 0 0 0 0 0 0 0.000702508658419215 0.00118687318260044 0 0.000682039844767731 0 0.00101604332408734 0 0 0 0 0
"muß man sich mal vorstellen" 0 0 0 0 0 0 0 0 0 0 0 0 0.000702508658419215 0 0.000879948611001118 0.000682039844767731 0.000778089013383131 0 0.00215600879651589 0 0 0.00103474679745866 0.000887823500688063
"s buch zu ich kann" 0 0 0 0 0 0 0 0 0 0 0 0 0 0.00118687318260044 0 0 0 0.00101604332408734 0 0.00470300522033579 0 0 0
"schöner land in dieser zeit" 0 0 0 0.00199596814434842 0 0 0 0 0 0 0 0 0.000702508658419215 0 0 0.00136407968953546 0 0 0 0 0.00109770689030615 0 0
"setzte sich an den schreibtisch" 0.00103031177234231 0 0 0 0 0 0 0 0 0 0 0 0 0 0 0 0.00233426704014939 0.00101604332408734 0 0 0.0021954137806123 0 0
"sich an den flügel und" 0 0 0 0 0 0 0 0 0 0 0.00352205688121863 0 0.00140501731683843 0.00118687318260044 0.000879948611001118 0 0 0 0 0 0.00109770689030615 0 0
"sich auf das bett und" 0 0 0 0 0 0 0 0 0 0 0 0 0 0 0.00175989722200224 0 0.000778089013383131 0.00101604332408734 0.00215600879651589 0 0.00109770689030615 0 0.000887823500688063
"sich eine zigarette an und" 0 0 0.00390137328339576 0 0 0 0 0 0 0 0 0 0.000702508658419215 0 0 0 0 0 0.00215600879651589 0 0.00329312067091845 0 0
"soll ich oder soll ich" 0 0 0 0 0 0 0.00197263949026996 0 0 0 0.00352205688121863 0 0 0 0 0.000682039844767731 0 0 0 0 0 0 0
"tanze mit dir in den" 0.00206062354468462 0 0 0 0 0.00185556297780747 0 0 0 0 0 0 0.000702508658419215 0.00118687318260044 0 0.000682039844767731 0 0.00101604332408734 0 0 0 0 0
"üb immer treu und redlichkeit" 0.00103031177234231 0 0 0.000665322714782805 0 0 0.000986319745134978 0 0 0 0 0 0 0 0 0 0.000778089013383131 0 0 0 0.00109770689030615 0 0.000887823500688063
"und allem drum und dran" 0 0 0 0 0 0 0 0 0 0 0 0.000753863550697324 0 0 0.000879948611001118 0.00136407968953546 0.000778089013383131 0.00101604332408734 0 0 0 0.00103474679745866 0
"von allen guten geistern verlassen" 0 0 0 0 0 0 0 0 0 0 0 0.0030154542027893 0.000702508658419215 0 0 0 0.000778089013383131 0.00101604332408734 0 0 0 0 0
"war einmal ein musiker der" 0 0 0 0 0 0 0.00345211910797242 0 0 0 0 0 0 0 0 0 0 0 0 0 0 0 0
"was das nun wieder soll" 0 0 0 0 0.00201300400587797 0 0 0 0 0 0 0 0.000702508658419215 0 0 0.000682039844767731 0.000778089013383131 0 0.00215600879651589 0 0 0 0.00177564700137613
"was in der zeitung steht" 0 0 0 0.000665322714782805 0 0 0 0 0 0 0.00704411376243726 0 0 0 0 0.000682039844767731 0 0 0 0 0 0 0.000887823500688063
"was war das für ein" 0 0.00112515048887789 0 0 0 0 0 0 0 0 0 0.000753863550697324 0 0.00118687318260044 0 0 0.000778089013383131 0 0 0.000940601044067159 0 0 0.00177564700137613
"wenn ich mich recht erinnere" 0 0 0 0 0 0 0.00295895923540493 0 0 0 0.00176102844060932 0 0 0 0 0 0 0 0 0 0 0 0
"wer konnte denn wissen was" 0 0 0 0 0 0 0 0 0 0 0 0 0 0 0.000879948611001118 0.00136407968953546 0.000778089013383131 0 0 0.000940601044067159 0.0021954137806123 0 0
"wer weiß was noch alles" 0 0 0 0 0 0 0 0 0 0 0 0 0.000702508658419215 0 0 0 0 0 0 0.00188120208813432 0.00329312067091845 0 0.000887823500688063
"wie das ist wenn man" 0 0 0.00195068664169788 0 0 0 0 0 0 0 0 0 0.00140501731683843 0 0 0 0 0.00203208664817468 0 0 0 0.00103474679745866 0.000887823500688063
"wie du mir so ich" 0 0 0 0 0 0 0 0 0 0 0 0 0.000702508658419215 0.00237374636520088 0 0 0 0 0 0.00376240417626864 0 0 0
"wie er im buche steht" 0 0 0 0.000665322714782805 0 0 0.000493159872567489 0 0 0 0 0 0 0.00118687318260044 0 0 0 0.00203208664817468 0.00215600879651589 0 0 0.00103474679745866 0
"wie man es auch ausdrücken" 0 0 0 0 0 0 0 0 0 0 0 0 0.00140501731683843 0 0.000879948611001118 0.000682039844767731 0 0 0 0 0 0.00310424039237599 0
"wie war das immer schön" 0 0 0 0 0 0 0 0 0 0 0 0 0.00140501731683843 0.00118687318260044 0 0 0 0 0 0.00376240417626864 0 0 0
"ahnen du munteres rehlein du" 0 0 0 0 0 0 0 0 0 0 0 0 0 0.00118687318260044 0 0 0 0.00203208664817468 0 0.00282180313220148 0 0 0
"alles mit der hand schreibt" 0 0 0 0 0 0 0 0 0 0 0 0 0 0 0.00175989722200224 0.000682039844767731 0.00233426704014939 0 0 0 0 0 0
"an der wand hing ein" 0 0 0 0 0 0 0 0 0 0 0 0 0 0.00118687318260044 0.00175989722200224 0.00136407968953546 0 0 0.00215600879651589 0 0 0 0
"auf dem qui vive sein" 0 0 0 0 0 0 0 0 0 0 0 0 0 0 0 0 0 0.00101604332408734 0 0.00470300522033579 0 0 0
"auf den grund zu gehen" 0 0 0.00195068664169788 0.00133064542956561 0.00201300400587797 0 0 0 0 0 0 0 0 0 0 0 0.000778089013383131 0 0 0 0.00109770689030615 0 0
"auf der suche nach einem" 0 0 0 0 0 0 0.000493159872567489 0 0.00138527179032526 0 0 0.000753863550697324 0 0 0.00175989722200224 0 0 0 0 0.000940601044067159 0 0 0
"aufs blut kommt s an" 0.00309093531702693 0.00337545146663366 0 0 0 0 0 0 0 0 0 0 0 0 0 0 0 0 0 0 0 0 0
"band wieder flattern durch die" 0 0 0.00195068664169788 0 0 0 0 0 0 0 0 0 0.000702508658419215 0 0 0.00204611953430319 0 0 0 0.000940601044067159 0 0 0
"blaues band wieder flattern durch" 0 0 0.00195068664169788 0 0 0 0 0 0 0 0 0 0.000702508658419215 0 0 0.00204611953430319 0 0 0 0.000940601044067159 0 0 0
"chacun wie ich immer sage" 0 0 0 0 0 0 0 0 0 0 0 0 0 0 0 0.00409223906860639 0 0 0 0 0 0 0
"da war nichts zu machen" 0 0 0 0 0 0 0 0 0 0 0.00176102844060932 0 0 0 0.000879948611001118 0.000682039844767731 0 0 0.00215600879651589 0 0.0021954137806123 0 0
"das glaubt ja kein mensch" 0 0 0 0 0 0 0 0 0 0 0 0 0 0 0 0.000682039844767731 0.00155617802676626 0.00203208664817468 0 0 0 0.00103474679745866 0
"das ist gar nicht so" 0 0 0 0 0 0 0 0 0 0 0.00176102844060932 0 0.00210752597525764 0 0 0 0 0 0 0 0.00109770689030615 0.00103474679745866 0
"das mädchen mit den abgehauenen" 0 0 0 0 0 0 0 0.00492566352792441 0 0 0 0 0 0 0 0 0 0 0 0 0 0 0
"das war aber auch alles" 0 0 0 0 0 0 0 0 0 0 0 0 0 0 0.00175989722200224 0.000682039844767731 0.000778089013383131 0 0 0 0.00109770689030615 0.00103474679745866 0
"das war nicht zu leugnen" 0 0 0 0 0 0 0 0 0 0 0 0 0 0 0.00263984583300335 0.000682039844767731 0 0 0 0 0.0021954137806123 0 0
"daß es sich um einen" 0 0.00112515048887789 0 0 0 0 0.000493159872567489 0 0 0 0 0.000753863550697324 0 0 0 0 0 0 0.00215600879651589 0 0.0021954137806123 0 0
"denn nun schon wieder los" 0 0 0 0 0 0 0 0 0 0 0 0 0 0 0 0.000682039844767731 0 0.00101604332408734 0.00215600879651589 0.000940601044067159 0.00109770689030615 0 0.000887823500688063
"die felder der stoppelwind weht" 0 0 0 0 0 0 0 0 0 0 0 0 0 0.00237374636520088 0 0 0 0.00101604332408734 0 0.000940601044067159 0 0.00103474679745866 0.000887823500688063
"die guten und bösen feen" 0 0 0 0 0 0 0 0.00492566352792441 0 0 0 0 0 0 0 0 0 0 0 0 0 0 0
"die schwarze köchin da jajaja" 0 0 0 0 0 0 0.00295895923540493 0 0 0 0 0 0 0 0 0 0 0 0 0 0 0 0
"du s kannst glaub s" 0 0 0 0 0 0 0 0 0 0 0 0 0 0.00118687318260044 0 0 0 0 0 0.00282180313220148 0 0 0.00177564700137613
"ein musiker der hieß meyn" 0 0 0 0 0 0 0.00295895923540493 0 0 0 0 0 0 0 0 0 0 0 0 0 0 0 0
"einmal ein musiker der hieß" 0 0 0 0 0 0 0.00295895923540493 0 0 0 0 0 0 0 0 0 0 0 0 0 0 0 0
"er freute sich daß er" 0 0 0 0 0 0 0 0 0 0 0 0 0 0 0 0 0.00389044506691566 0 0.00215600879651589 0 0 0 0
"er hier zu suchen hat" 0 0 0 0 0 0 0 0 0 0 0 0 0 0 0.00263984583300335 0.000682039844767731 0 0 0 0 0.00109770689030615 0 0.000887823500688063
"es ist alles nicht so" 0 0 0 0 0 0 0 0 0 0 0 0 0 0 0 0 0 0 0 0 0.0065862413418369 0 0
"es war alles nicht so" 0 0 0 0 0 0 0 0 0 0 0 0 0 0 0 0 0 0 0 0 0.0065862413418369 0 0
"es war klar daß sie" 0 0 0 0 0.00201300400587797 0 0 0 0 0 0 0.000753863550697324 0 0 0 0.00136407968953546 0 0 0.00215600879651589 0 0 0.00103474679745866 0
"fiel mir ein daß ich" 0 0 0.00390137328339576 0 0 0 0 0 0 0.00271953441570803 0 0 0 0 0 0 0 0.00101604332408734 0 0 0 0.00103474679745866 0
"frauen an bord des schiffes" 0 0 0 0 0 0 0 0.00492566352792441 0 0 0 0 0 0 0 0 0 0 0 0 0 0 0
"frühling läßt sein blaues band" 0 0 0.00195068664169788 0 0 0 0 0 0 0 0 0 0.000702508658419215 0 0 0.00204611953430319 0 0 0 0.000940601044067159 0 0 0
"geh voran auf der lebensbahn" 0.00412124708936924 0.00225030097775577 0 0 0 0 0 0 0 0 0 0 0 0 0 0 0 0 0 0 0 0 0
"gemäht sind die felder der" 0 0 0 0 0 0 0 0 0 0 0 0 0 0.00237374636520088 0 0 0 0.00101604332408734 0 0.000940601044067159 0 0.00103474679745866 0.000887823500688063
"gewesen sei wollte er wissen" 0 0 0 0 0 0 0 0 0 0 0 0 0 0 0.000879948611001118 0 0.000778089013383131 0.00203208664817468 0.00215600879651589 0 0 0.00103474679745866 0
"ging in die küche und" 0 0 0.00390137328339576 0 0 0 0 0 0 0.00135976720785402 0 0 0 0 0 0 0.00155617802676626 0 0.00215600879651589 0 0 0 0
"glaub s schon ob du" 0 0 0 0 0 0 0 0 0 0 0 0 0 0.00118687318260044 0 0 0 0 0 0.00282180313220148 0 0 0.00177564700137613
"good it is hard to" 0 0 0 0 0 0 0 0 0 0 0 0 0 0 0.00527969166600671 0 0 0 0 0 0 0 0
"gott sei gelobt gepriesen und" 0 0 0 0 0 0 0 0 0 0 0 0 0 0.00118687318260044 0 0 0 0 0 0.00376240417626864 0 0.00103474679745866 0
"hand auf die schulter gelegt" 0 0 0 0.000665322714782805 0 0 0 0 0 0.00271953441570803 0 0.000753863550697324 0 0 0 0.000682039844767731 0 0 0 0 0.00109770689030615 0 0
"how good it is hard" 0 0 0 0 0 0 0 0 0 0 0 0 0 0 0.00527969166600671 0 0 0 0 0 0 0 0
"ich immer sage nach seinem" 0 0 0 0 0 0 0 0 0 0 0 0 0 0 0 0.00409223906860639 0 0 0 0 0 0 0
"immer sage nach seinem geschmack" 0 0 0 0 0 0 0 0 0 0 0 0 0 0 0 0.00409223906860639 0 0 0 0 0 0 0
"in der hand mit dem" 0 0 0.00195068664169788 0.000665322714782805 0 0.00185556297780747 0 0 0 0 0 0 0 0 0 0 0 0.00101604332408734 0 0 0.00109770689030615 0.00103474679745866 0
"ist alles nicht so einfach" 0 0 0 0 0 0 0 0 0 0 0 0 0 0 0 0 0 0 0 0 0.0065862413418369 0 0
"ist es ja nicht daß" 0 0 0 0 0 0 0 0 0 0 0 0 0.00140501731683843 0 0.000879948611001118 0 0 0 0 0 0 0.00103474679745866 0.00177564700137613
"ist es nicht ein bild" 0 0 0 0 0 0 0 0 0 0 0 0 0 0 0 0 0 0 0 0 0.0065862413418369 0 0
"it is hard to work" 0 0 0 0 0 0 0 0 0 0 0 0 0 0 0.00527969166600671 0 0 0 0 0 0 0 0
"jesu geh voran auf der" 0.00412124708936924 0.00225030097775577 0 0 0 0 0 0 0 0 0 0 0 0 0 0 0 0 0 0 0 0 0
"kannst glaub s schon ob" 0 0 0 0 0 0 0 0 0 0 0 0 0 0.00118687318260044 0 0 0 0 0 0.00282180313220148 0 0 0.00177564700137613
"kommen wir denn da hin" 0 0 0 0 0 0 0 0 0 0 0 0 0 0 0 0.000682039844767731 0 0.00101604332408734 0 0 0 0.00103474679745866 0.00266347050206419
"läßt sein blaues band wieder" 0 0 0.00195068664169788 0 0 0 0 0 0 0 0 0 0.000702508658419215 0 0 0.00204611953430319 0 0 0 0.000940601044067159 0 0 0
"mag öwersten ok nich sin" 0 0 0 0 0 0 0 0 0 0 0 0 0.000702508658419215 0 0 0 0 0 0 0 0 0 0.00443911750344032
"mag sin mag öwersten ok" 0 0 0 0 0 0 0 0 0 0 0 0 0.000702508658419215 0 0 0 0 0 0 0 0 0 0.00443911750344032
"man auch von hinten lesen" 0 0 0 0 0 0 0 0 0 0 0 0 0 0 0 0 0 0.00304812997226202 0 0.00282180313220148 0 0 0
"man bittet man fleht aber" 0 0 0 0 0 0 0 0 0 0 0 0 0 0.00118687318260044 0 0 0 0 0 0.00470300522033579 0 0 0
"mensch ärgere dich nicht spielen" 0 0 0 0 0 0 0 0 0 0.00815860324712409 0 0 0 0 0 0 0 0 0 0 0 0 0
"mir die hand auf die" 0 0 0 0 0 0 0 0 0 0.00543906883141606 0 0 0 0 0 0 0 0 0 0.00188120208813432 0 0 0
"mit an sicherheit grenzender wahrscheinlichkeit" 0 0 0 0 0 0 0 0 0 0 0.00176102844060932 0.00376931775348662 0 0 0 0 0 0 0 0 0 0 0
"mit der hand schreibt und" 0 0 0 0 0 0 0 0 0 0 0 0 0 0 0.00175989722200224 0 0.00311235605353252 0 0 0 0 0 0
"mit hut auf dem kopf" 0 0 0 0 0 0 0 0 0 0 0 0 0.000702508658419215 0 0.000879948611001118 0.000682039844767731 0 0 0 0 0.00109770689030615 0.00206949359491732 0
"musiker der hieß meyn und" 0 0 0 0 0 0 0.00295895923540493 0 0 0 0 0 0 0 0 0 0 0 0 0 0 0 0
"nach dem rechten zu sehen" 0 0 0 0 0 0 0 0 0 0 0 0 0 0 0 0.00136407968953546 0.000778089013383131 0 0 0 0.0021954137806123 0.00103474679745866 0
"nehmen sie mich mit herr" 0 0 0 0 0 0 0 0 0 0 0 0 0.000702508658419215 0 0 0 0 0.00101604332408734 0 0.00376240417626864 0 0 0
"nicht ahnen du munteres rehlein" 0 0 0 0 0 0 0 0 0 0 0 0 0 0.00118687318260044 0 0 0 0.00203208664817468 0 0.00282180313220148 0 0 0
"nicht hören will muß fühlen" 0 0 0 0.000665322714782805 0 0 0 0 0 0 0 0 0.000702508658419215 0 0.000879948611001118 0 0 0 0 0.000940601044067159 0 0 0.00177564700137613
"nicht so ganz das richtige" 0 0 0 0 0 0 0 0 0 0 0 0 0.000702508658419215 0 0 0.00136407968953546 0.000778089013383131 0 0 0 0.00109770689030615 0.00103474679745866 0
"nun schon wieder los ist" 0 0 0 0 0 0 0 0 0 0 0 0 0.000702508658419215 0 0 0.000682039844767731 0.000778089013383131 0.00101604332408734 0.00215600879651589 0 0 0 0.000887823500688063
"ob du s kannst glaub" 0 0 0 0 0 0 0 0 0 0 0 0 0 0.00118687318260044 0 0 0 0 0 0.00282180313220148 0 0 0.00177564700137613
"ob er sich noch an" 0 0 0 0 0 0 0 0 0 0 0 0 0 0 0.000879948611001118 0.000682039844767731 0 0 0 0.00188120208813432 0 0.00103474679745866 0.000887823500688063
"piii sä de ohl uhl" 0 0 0 0 0 0 0 0 0 0 0 0 0 0.00118687318260044 0 0 0 0 0 0.000940601044067159 0 0 0.00355129400275225
"s kannst glaub s schon" 0 0 0 0 0 0 0 0 0 0 0 0 0 0.00118687318260044 0 0 0 0 0 0.00282180313220148 0 0 0.00177564700137613
"s schon ob du s" 0 0 0 0 0 0 0 0 0 0 0 0 0 0.00118687318260044 0 0 0 0 0 0.00282180313220148 0 0 0.00177564700137613
"schon ob du s darfst" 0 0 0 0 0 0 0 0 0 0 0 0 0 0.00118687318260044 0 0 0 0 0 0.00282180313220148 0 0 0.00177564700137613
"sei gelobt gepriesen und gepfiffen" 0 0 0 0 0 0 0 0 0 0 0 0 0 0.00118687318260044 0 0 0 0 0 0.00376240417626864 0 0.00103474679745866 0
"sein blaues band wieder flattern" 0 0 0.00195068664169788 0 0 0 0 0 0 0 0 0 0.000702508658419215 0 0 0.00204611953430319 0 0 0 0.000940601044067159 0 0 0
"setzte sich an den flügel" 0 0 0 0 0 0 0 0 0 0 0 0 0 0.00118687318260044 0.00263984583300335 0 0.000778089013383131 0 0 0 0.00109770689030615 0 0
"sie mich mit herr kempowski" 0 0 0 0 0 0 0 0 0 0 0 0 0.000702508658419215 0 0 0 0 0.00101604332408734 0 0.00376240417626864 0 0 0
"sin mag öwersten ok nich" 0 0 0 0 0 0 0 0 0 0 0 0 0.000702508658419215 0 0 0 0 0 0 0 0 0 0.00443911750344032
"sind die felder der stoppelwind" 0 0 0 0 0 0 0 0 0 0 0 0 0 0.00237374636520088 0 0 0 0.00101604332408734 0 0.000940601044067159 0 0.00103474679745866 0.000887823500688063
"und ab und zu ein" 0 0 0 0 0 0 0 0 0 0 0 0 0.00140501731683843 0 0.00175989722200224 0 0 0 0 0 0.0021954137806123 0 0
"und die sache mit der" 0 0 0 0 0 0 0 0 0 0 0 0 0.000702508658419215 0.00118687318260044 0 0 0.000778089013383131 0 0 0 0 0.00206949359491732 0.000887823500688063
"und er überlegte ob er" 0 0 0 0 0 0 0 0 0 0 0 0 0 0 0.000879948611001118 0.000682039844767731 0.00155617802676626 0 0.00431201759303178 0 0 0 0
"und es zeigte sich daß" 0 0 0 0 0.00201300400587797 0 0.000493159872567489 0 0 0 0 0 0 0 0 0.00136407968953546 0 0 0.00431201759303178 0 0 0 0
"und gar nicht mal so" 0 0 0 0 0 0 0 0 0 0 0 0 0.00210752597525764 0 0 0 0 0.00101604332408734 0 0 0 0.00103474679745866 0.000887823500688063
"und ich kann es nicht" 0 0.00112515048887789 0 0 0.00201300400587797 0 0 0 0 0 0 0 0 0.00118687318260044 0 0 0 0.00101604332408734 0 0 0.0021954137806123 0 0
"viel gefehlt und er hätte" 0 0 0 0 0 0 0 0 0 0 0 0 0 0.00118687318260044 0 0.00136407968953546 0.000778089013383131 0.00101604332408734 0 0 0.00109770689030615 0 0
"vom scheitel bis zur sohle" 0 0 0 0 0 0 0.000493159872567489 0 0 0 0 0 0 0 0 0.000682039844767731 0 0.00101604332408734 0 0.000940601044067159 0.00109770689030615 0.00103474679745866 0
"von einem der auszog das" 0 0 0 0 0 0 0 0 0 0 0 0 0.000702508658419215 0 0.000879948611001118 0.000682039844767731 0.000778089013383131 0.00101604332408734 0 0 0 0.00103474679745866 0
"von links nach rechts und" 0 0 0 0 0 0 0 0 0 0 0 0 0.000702508658419215 0 0.00175989722200224 0.000682039844767731 0 0 0 0 0.00109770689030615 0.00103474679745866 0
"von links und von rechts" 0 0 0 0 0 0 0 0 0 0 0 0 0.00140501731683843 0 0 0.000682039844767731 0.000778089013383131 0 0 0 0 0 0.00177564700137613
"von oben bis unten und" 0.00103031177234231 0 0 0 0 0 0 0 0 0 0 0.00150772710139465 0 0 0.000879948611001118 0 0 0 0 0 0 0.00103474679745866 0.000887823500688063
"war alles nicht so einfach" 0 0 0 0 0 0 0 0 0 0 0 0 0 0 0 0 0 0 0 0 0.0065862413418369 0 0
"war gar nicht so einfach" 0 0 0 0 0 0 0.000493159872567489 0 0 0 0 0.000753863550697324 0 0.00118687318260044 0 0 0.000778089013383131 0.00101604332408734 0 0 0.00109770689030615 0 0
"war man stehengeblieben ach ja" 0 0 0 0 0 0 0 0 0 0 0 0 0.000702508658419215 0 0 0.000682039844767731 0.000778089013383131 0 0 0.000940601044067159 0 0.00206949359491732 0
"was er hier zu suchen" 0 0 0 0 0 0 0 0 0 0 0 0 0 0 0.00263984583300335 0.000682039844767731 0 0 0 0 0.00109770689030615 0 0.000887823500688063
"weiter und so fort und" 0 0 0 0 0 0 0 0 0 0 0 0 0 0 0 0.00136407968953546 0 0.00101604332408734 0 0 0.0021954137806123 0.00103474679745866 0
"wenn ich mir vorstelle daß" 0 0 0 0 0 0 0 0 0 0.00679883603927008 0.00176102844060932 0 0 0 0 0 0 0 0 0 0 0 0
"wenn s hart auf hart" 0 0 0 0 0 0 0 0 0 0 0.00176102844060932 0 0 0 0.00263984583300335 0 0 0 0 0 0.0021954137806123 0 0
"wer nicht hören will muß" 0 0 0 0.000665322714782805 0 0 0 0 0 0 0 0 0.000702508658419215 0 0.000879948611001118 0 0 0 0 0.000940601044067159 0 0 0.00177564700137613
"wie er es immer tat" 0 0 0 0 0 0 0 0 0 0.00135976720785402 0 0 0 0 0 0.00136407968953546 0.000778089013383131 0 0.00215600879651589 0 0.00109770689030615 0 0
"wie geht s dem vater" 0 0 0 0 0 0 0 0 0 0.00135976720785402 0 0 0 0.00237374636520088 0 0 0 0.00101604332408734 0 0.000940601044067159 0 0 0.000887823500688063
"wie ich immer sage nach" 0 0 0 0 0 0 0 0 0 0 0 0 0 0 0 0.00409223906860639 0 0 0 0 0 0 0
"wie isses nun zu fassen" 0 0 0 0 0 0 0 0 0 0 0 0 0 0.00118687318260044 0 0 0 0 0 0.00376240417626864 0 0.00103474679745866 0
"wieder flattern durch die lüfte" 0 0 0.00195068664169788 0 0 0 0 0 0 0 0 0 0.000702508658419215 0 0 0.00204611953430319 0 0 0 0.000940601044067159 0 0 0
"wo kommen wir denn da" 0 0 0 0 0 0 0 0 0 0 0 0 0 0 0 0.000682039844767731 0 0.00101604332408734 0 0 0 0.00103474679745866 0.00266347050206419
"wo war man stehengeblieben ach" 0 0 0 0 0 0 0 0 0 0 0 0 0.000702508658419215 0 0 0.000682039844767731 0.000778089013383131 0 0 0.000940601044067159 0 0.00206949359491732 0
"alle hände voll zu tun" 0.00103031177234231 0 0 0.000665322714782805 0 0 0.000493159872567489 0 0 0 0 0 0 0 0 0 0.000778089013383131 0 0 0 0.00109770689030615 0 0
"alles schön und gut aber" 0 0 0 0 0 0 0 0 0 0 0 0 0 0 0.000879948611001118 0 0 0 0.00215600879651589 0 0.00109770689030615 0.00103474679745866 0.000887823500688063
"als es noch zeit war" 0 0 0 0 0 0 0 0 0 0 0 0 0.00140501731683843 0 0 0 0.000778089013383131 0 0 0 0.0021954137806123 0 0
"an der schmalseite des tisches" 0 0 0 0.000665322714782805 0 0 0 0 0 0 0 0 0.000702508658419215 0 0 0.000682039844767731 0 0 0 0 0 0 0.00177564700137613
"auch alles in ordnung ist" 0 0 0 0 0 0 0 0 0 0 0 0 0.000702508658419215 0 0 0.00136407968953546 0 0 0 0 0.00109770689030615 0 0.000887823500688063
"auch kein kind von traurigkeit" 0 0 0 0 0 0 0 0 0 0 0 0 0 0.00118687318260044 0 0.00136407968953546 0 0 0.00215600879651589 0 0.00109770689030615 0 0
"auf andere gedanken zu kommen" 0 0 0 0 0 0 0 0 0 0 0 0 0.000702508658419215 0 0 0.000682039844767731 0.00155617802676626 0.00101604332408734 0 0 0 0 0
"auf dem felde der ehre" 0.00103031177234231 0 0 0 0 0 0 0 0 0 0 0 0 0 0 0 0 0 0 0.00188120208813432 0 0.00103474679745866 0.000887823500688063
"auf den letzten drücker noch" 0 0 0 0 0 0 0 0 0 0 0 0 0 0 0.000879948611001118 0.00136407968953546 0 0 0 0.000940601044067159 0.00109770689030615 0 0
"auf der anderen seite des" 0 0 0.00195068664169788 0 0 0.00185556297780747 0.000493159872567489 0 0 0 0 0 0.000702508658419215 0 0 0 0.000778089013383131 0 0 0 0 0 0
"auf diese bank von holz" 0 0 0 0 0 0 0 0 0 0 0 0 0.00140501731683843 0 0 0 0 0 0 0 0 0 0.00266347050206419
"auf und ab die hände" 0.00206062354468462 0 0 0 0 0 0 0 0 0 0 0 0.000702508658419215 0.00118687318260044 0 0 0 0.00101604332408734 0 0 0 0 0
"bevor es zu spät ist" 0 0 0 0 0 0 0 0.00328377568528294 0 0 0 0 0 0 0 0 0.000778089013383131 0 0 0 0 0 0
"bin doch nicht euer popanz" 0 0 0 0 0 0 0 0 0 0 0 0 0 0.00118687318260044 0 0 0 0 0 0.00376240417626864 0 0 0
"bono dem guten das gute" 0 0 0 0 0 0 0 0 0 0 0 0 0 0.00118687318260044 0 0 0 0 0 0.00188120208813432 0 0 0.00177564700137613
"bonum bono dem guten das" 0 0 0 0 0 0 0 0 0 0 0 0 0 0.00118687318260044 0 0 0 0 0 0.00188120208813432 0 0 0.00177564700137613
"bunt für den nur der" 0 0 0 0 0 0 0 0 0 0 0 0 0 0 0 0.00204611953430319 0 0.00101604332408734 0 0 0 0.00103474679745866 0
"bunte licht das in die" 0 0 0 0 0 0 0 0 0 0 0 0 0 0 0 0.00204611953430319 0 0.00101604332408734 0 0 0 0.00103474679745866 0
"dann fiel mir ein daß" 0 0 0.00780274656679151 0 0 0 0 0 0 0.00135976720785402 0 0 0 0 0 0 0 0 0 0 0 0 0
"darauf können sie sich verlassen" 0 0 0 0 0 0 0 0 0 0 0 0.000753863550697324 0.000702508658419215 0 0 0 0 0.00101604332408734 0 0 0.00109770689030615 0 0.000887823500688063
"das blut in den adern" 0 0 0 0.00133064542956561 0.00201300400587797 0 0 0 0 0 0 0 0.000702508658419215 0 0 0 0 0 0 0 0 0.00103474679745866 0
"das bunte licht das in" 0 0 0 0 0 0 0 0 0 0 0 0 0 0 0 0.00204611953430319 0 0.00101604332408734 0 0 0 0.00103474679745866 0
"das haar aus der stirn" 0 0 0 0 0 0 0 0 0 0 0 0.00150772710139465 0 0 0 0.00136407968953546 0 0 0 0 0.00109770689030615 0 0
"das hätte er nicht gedacht" 0 0 0 0 0 0 0 0 0 0 0 0 0.000702508658419215 0.00118687318260044 0.000879948611001118 0.00136407968953546 0 0 0 0 0 0 0
"das hatte ihm noch gefehlt" 0 0 0 0 0 0 0 0 0 0 0 0 0 0 0.00175989722200224 0 0.00233426704014939 0 0 0 0 0 0
"das in die kirche fällt" 0 0 0 0 0 0 0 0 0 0 0 0 0 0 0 0.00204611953430319 0 0.00101604332408734 0 0 0 0.00103474679745866 0
"das ist wieder einmal typisch" 0 0 0 0 0 0 0 0 0 0 0 0 0.00281003463367686 0 0 0 0 0 0 0 0 0 0.000887823500688063
"das kann doch gar nicht" 0 0 0 0 0 0 0 0 0 0 0 0 0 0 0.000879948611001118 0 0 0.00203208664817468 0 0.000940601044067159 0 0 0.000887823500688063
"das konnte man ja immer" 0 0 0 0 0 0 0 0 0 0 0 0 0 0.00118687318260044 0.000879948611001118 0.000682039844767731 0 0 0.00431201759303178 0 0 0 0
"das papier da mal auf" 0 0 0 0 0 0 0 0 0 0 0 0 0 0.00118687318260044 0 0.000682039844767731 0 0 0 0.00282180313220148 0 0 0
"das war auch so ein" 0.00103031177234231 0 0 0 0 0.00185556297780747 0 0 0 0 0 0 0 0 0.000879948611001118 0 0 0.00101604332408734 0 0 0 0 0.000887823500688063
"das war das einzige was" 0 0 0 0 0 0 0 0 0 0 0 0 0.000702508658419215 0 0.000879948611001118 0.000682039844767731 0.000778089013383131 0 0 0 0 0.00103474679745866 0
"das war nicht seine sache" 0 0 0 0 0 0 0 0 0 0 0 0 0 0 0.00175989722200224 0.00136407968953546 0 0 0 0 0.00109770689030615 0 0
"daß es sich bei dem" 0 0.00112515048887789 0 0 0 0 0.000493159872567489 0 0 0 0 0 0 0 0 0.000682039844767731 0.000778089013383131 0 0.00215600879651589 0 0 0 0
"daß es sich hier um" 0 0.00225030097775577 0.00195068664169788 0.000665322714782805 0 0 0 0 0 0 0 0 0 0 0 0.000682039844767731 0 0 0 0 0 0 0
"den arm um die schulter" 0.00103031177234231 0.00112515048887789 0.00390137328339576 0.000665322714782805 0 0 0 0 0 0 0 0 0 0 0 0 0 0 0 0 0 0 0
"den nur der s für" 0 0 0 0 0 0 0 0 0 0 0 0 0 0 0 0.00204611953430319 0 0.00101604332408734 0 0 0 0.00103474679745866 0
"der faust auf den tisch" 0 0 0 0 0 0 0.000493159872567489 0 0 0 0 0 0 0 0 0.000682039844767731 0.000778089013383131 0.00101604332408734 0 0 0 0.00103474679745866 0
"der klause dr krauses sonnenbrause" 0 0 0 0 0 0 0 0 0 0 0 0 0 0.00118687318260044 0 0 0 0 0 0.00376240417626864 0 0 0
"der s für buntes hält" 0 0 0 0 0 0 0 0 0 0 0 0 0 0 0 0.00204611953430319 0 0.00101604332408734 0 0 0 0.00103474679745866 0
"der uhr in der hand" 0 0 0 0 0 0 0 0 0 0 0 0 0.00210752597525764 0 0 0 0 0 0 0.000940601044067159 0 0 0.000887823500688063
"die frauen an bord des" 0 0 0 0 0 0 0 0.00410471960660367 0 0 0 0 0 0 0 0 0 0 0 0 0 0 0
"die kinder in der schule" 0 0 0 0 0 0 0 0 0 0 0 0.000753863550697324 0 0 0 0.00272815937907093 0 0 0 0 0 0 0
"die raben immer noch um" 0 0 0 0 0 0 0 0 0 0 0 0 0.000702508658419215 0 0 0 0 0.00101604332408734 0 0.00282180313220148 0 0 0
"diese bank von holz woll" 0 0 0 0 0 0 0 0 0 0 0 0 0.00140501731683843 0 0 0 0 0 0 0 0 0 0.00266347050206419
"drei herren von der waffen" 0 0 0 0 0 0 0 0 0 0 0 0 0 0 0 0 0 0 0 0 0 0.00517373398729331 0
"dry toast with butter am" 0 0 0 0 0 0 0 0 0 0 0 0 0 0 0.00439974305500559 0 0 0 0 0 0 0 0
"du im osten das morgenrot" 0.00309093531702693 0 0 0.000665322714782805 0 0 0 0 0 0.00135976720785402 0 0 0 0 0 0 0 0 0 0 0 0 0
"du kleine und denn und" 0 0 0 0 0 0 0 0 0 0 0 0 0.00210752597525764 0 0 0 0 0 0 0.00188120208813432 0 0 0
"eene milljon hätt hei all" 0 0 0 0 0 0 0 0 0 0 0 0 0 0 0 0 0.00389044506691566 0 0 0 0 0 0
"einer nach dem andern und" 0 0 0 0 0 0 0 0 0 0 0 0 0 0.00118687318260044 0 0.000682039844767731 0 0 0.00215600879651589 0 0 0.00206949359491732 0
"er setzte sich an den" 0 0 0 0 0 0 0 0 0 0 0 0 0 0.00118687318260044 0.00263984583300335 0 0.000778089013383131 0 0 0 0 0 0
"er so als ob er" 0 0 0 0 0 0 0 0 0 0 0 0 0.00140501731683843 0 0 0 0 0.00203208664817468 0 0 0.00109770689030615 0 0
"er stellte sich vor wie" 0 0 0 0 0 0 0 0 0 0 0 0 0 0 0.000879948611001118 0.000682039844767731 0.00155617802676626 0 0.00215600879651589 0 0 0 0
"es handelt sich um den" 0.00103031177234231 0 0 0 0 0 0 0 0 0 0 0.0030154542027893 0 0 0 0 0 0 0 0 0 0 0
"es handelte sich um die" 0 0.00112515048887789 0 0.000665322714782805 0 0 0 0 0 0 0 0 0 0 0 0.00204611953430319 0 0 0 0 0 0 0
"es könnte ja sein daß" 0 0 0 0 0 0 0 0.000820943921320735 0 0.00135976720785402 0 0 0 0 0.000879948611001118 0.000682039844767731 0 0.00101604332408734 0 0 0 0 0
"es war gar nicht so" 0 0 0 0 0 0 0.000493159872567489 0 0.00138527179032526 0 0 0.000753863550697324 0 0 0 0 0 0.00101604332408734 0 0 0.00109770689030615 0 0
"es war lange her daß" 0 0.00112515048887789 0 0 0 0 0 0 0 0 0 0 0 0 0 0.00136407968953546 0 0 0 0 0.0021954137806123 0 0
"es war zu hoffen daß" 0 0 0 0 0 0 0 0 0 0 0 0 0 0 0.000879948611001118 0.00136407968953546 0.000778089013383131 0 0 0 0 0.00103474679745866 0
"faßte sich an den kopf" 0 0 0 0.000665322714782805 0 0 0 0 0 0 0 0 0 0 0 0.000682039844767731 0 0 0.00215600879651589 0.000940601044067159 0.00109770689030615 0 0
"fliegen die raben immer noch" 0 0 0 0 0 0 0 0 0 0 0 0 0.000702508658419215 0 0 0 0 0.00101604332408734 0 0.00282180313220148 0 0 0
"füllest wieder busch und tal" 0 0 0 0 0 0 0 0 0 0 0 0 0 0 0 0 0.000778089013383131 0.00101604332408734 0 0 0.0021954137806123 0 0.000887823500688063
"für den nur der s" 0 0 0 0 0 0 0 0 0 0 0 0 0 0 0 0.00204611953430319 0 0.00101604332408734 0 0 0 0.00103474679745866 0
"ganz schön und gut aber" 0 0 0 0 0 0 0 0 0 0 0 0 0.000702508658419215 0 0 0.00136407968953546 0 0 0 0 0.0021954137806123 0 0
"genau an der richtigen stelle" 0 0 0 0 0 0 0 0 0 0 0 0 0.000702508658419215 0 0 0.00204611953430319 0 0 0 0 0 0.00103474679745866 0
"halt du dich da raus" 0.00206062354468462 0.00225030097775577 0 0 0 0 0 0.000820943921320735 0 0 0 0 0 0 0 0 0 0 0 0 0 0 0
"handelte es sich um einen" 0 0.00225030097775577 0 0 0 0 0 0 0 0 0 0.000753863550697324 0 0 0 0 0.00155617802676626 0 0 0 0 0 0
"hatte tränen in den augen" 0 0 0.00390137328339576 0 0 0 0 0 0 0 0 0 0 0 0 0 0 0 0 0 0.00109770689030615 0.00206949359491732 0
"heb das papier da mal" 0 0 0 0 0 0 0 0 0 0 0 0 0 0.00118687318260044 0 0.000682039844767731 0 0 0 0.00282180313220148 0 0 0
"hin und wieder ein paar" 0 0 0 0 0 0 0 0 0 0 0 0.0030154542027893 0 0 0 0 0 0 0 0 0 0.00103474679745866 0
"hoch da komm ich her" 0 0 0 0.000665322714782805 0 0 0 0 0 0 0 0 0 0 0.000879948611001118 0.000682039844767731 0.000778089013383131 0.00101604332408734 0 0 0 0 0
"ich bin doch nicht euer" 0 0 0 0 0 0 0 0 0 0 0 0 0 0.00118687318260044 0 0 0 0 0 0.00376240417626864 0 0 0
"ich sah was die rättin" 0 0 0 0 0 0 0 0.00410471960660367 0 0 0 0 0 0 0 0 0 0 0 0 0 0 0
"ich weiß nicht wie ich" 0 0 0.00195068664169788 0 0.00201300400587797 0 0.000493159872567489 0 0 0 0.00176102844060932 0.000753863550697324 0 0 0 0 0 0 0 0 0 0 0
"ich weiß nicht wie lange" 0 0 0.00195068664169788 0 0.00201300400587797 0 0.000986319745134978 0 0 0.00135976720785402 0 0 0 0 0 0 0 0 0 0 0 0 0
"ich will ihnen mal was" 0 0 0 0 0 0 0 0 0 0 0 0.000753863550697324 0 0 0 0.000682039844767731 0 0 0 0 0.00109770689030615 0 0.00177564700137613
"ich will mal so sagen" 0 0 0 0 0 0 0 0 0 0 0 0 0 0 0 0 0 0 0 0 0 0 0.00443911750344032
"ich wünsch euch alles schlechte" 0 0 0 0 0 0 0 0 0 0 0 0 0.00351254329209608 0 0 0 0 0 0 0 0 0 0
"im wahrsten sinne des wortes" 0.00103031177234231 0.00225030097775577 0 0 0 0 0 0 0 0 0 0.000753863550697324 0 0 0 0 0 0 0 0 0 0 0.000887823500688063
"im wald ob in der" 0 0 0 0 0 0 0 0 0 0 0 0 0 0.00118687318260044 0 0 0 0 0 0.00376240417626864 0 0 0
"immer noch um den turm" 0 0 0 0 0 0 0 0 0 0 0 0 0.000702508658419215 0 0 0 0 0.00101604332408734 0 0.00282180313220148 0 0 0
"in der klause dr krauses" 0 0 0 0 0 0 0 0 0 0 0 0 0 0.00118687318260044 0 0 0 0 0 0.00376240417626864 0 0 0
"in notre dame sur durance" 0 0.00562575244438944 0 0 0 0 0 0 0 0 0 0 0 0 0 0 0 0 0 0 0 0 0
"in the shade of an" 0 0 0 0 0 0 0 0 0 0 0 0 0 0 0 0 0 0.00101604332408734 0 0.00376240417626864 0 0 0
"is this thing called love" 0 0 0 0 0 0 0 0 0 0 0 0 0 0 0.00439974305500559 0 0 0 0 0 0 0 0
"ist bunt für den nur" 0 0 0 0 0 0 0 0 0 0 0 0 0 0 0 0.00204611953430319 0 0.00101604332408734 0 0 0 0.00103474679745866 0
"ist das erste mal daß" 0 0 0 0 0 0 0 0 0 0 0.00176102844060932 0 0.00140501731683843 0 0 0 0 0 0 0.000940601044067159 0 0 0.000887823500688063
"ja bald gar nichts mehr" 0 0 0 0 0 0 0 0 0 0 0 0 0.000702508658419215 0 0.000879948611001118 0 0 0 0 0.00188120208813432 0.00109770689030615 0 0
"ja nun nicht daß man" 0 0 0 0 0 0 0 0 0 0 0 0 0 0 0 0 0 0 0 0 0 0.00413898718983465 0.000887823500688063
"kam ihm in den sinn" 0 0.00112515048887789 0 0 0 0 0 0 0 0 0 0 0 0 0.000879948611001118 0 0.00155617802676626 0 0.00215600879651589 0 0 0 0
"karl v kreyl nein ich" 0 0 0 0 0 0 0 0 0 0 0.00880514220304658 0 0 0 0 0 0 0 0 0 0 0 0
"kleine und denn und denn" 0 0 0 0 0 0 0 0 0 0 0 0 0.00210752597525764 0 0 0 0 0 0 0.00188120208813432 0 0 0
"konnte man ja immer noch" 0 0 0 0 0 0 0 0 0 0 0 0 0 0.00118687318260044 0.000879948611001118 0.000682039844767731 0 0 0.00431201759303178 0 0 0 0
"licht das in die kirche" 0 0 0 0 0 0 0 0 0 0 0 0 0 0 0 0.00204611953430319 0 0.00101604332408734 0 0 0 0.00103474679745866 0
"links links links zwo drei" 0 0 0 0 0 0 0 0 0 0 0 0 0 0 0 0 0 0.00101604332408734 0 0.00282180313220148 0.00109770689030615 0 0
"links links zwo drei vier" 0 0 0 0 0 0 0 0 0 0 0 0 0 0 0 0 0 0.00101604332408734 0 0.00282180313220148 0.00109770689030615 0 0
"mal so rum und mal" 0 0 0 0 0 0 0 0 0 0 0 0 0 0 0.00175989722200224 0 0.000778089013383131 0.00101604332408734 0 0 0 0 0.000887823500688063
"man es auch ausdrücken könnte" 0 0 0 0 0 0 0 0 0 0 0 0 0.00140501731683843 0 0.000879948611001118 0 0 0 0 0 0 0.00206949359491732 0
"man ja immer noch tun" 0 0 0 0 0 0 0 0 0 0 0 0 0 0.00118687318260044 0.000879948611001118 0.000682039844767731 0 0 0.00431201759303178 0 0 0 0
"man sich das so vorstellt" 0 0 0 0 0 0 0 0 0 0 0 0 0.000702508658419215 0 0 0 0.00155617802676626 0 0 0.00188120208813432 0 0 0
"man sich nicht entgehen lassen" 0 0 0 0 0 0 0 0 0 0 0 0 0 0 0.000879948611001118 0 0 0 0 0.000940601044067159 0 0.00310424039237599 0
"mein großvater kam von hinten" 0 0 0 0 0 0 0 0 0 0 0 0 0 0.0059343659130022 0 0 0 0 0 0 0 0 0
"mens sana in corpore sano" 0.00206062354468462 0 0 0 0 0 0 0 0 0 0 0.00150772710139465 0 0 0 0 0 0 0 0 0 0.00103474679745866 0
"milljon hätt hei all full" 0 0 0 0 0 0 0 0 0 0 0 0 0 0 0 0 0.00389044506691566 0 0 0 0 0 0
"mit der uhr in der" 0 0 0 0 0 0 0 0 0 0 0 0 0.00210752597525764 0 0 0 0 0 0 0.000940601044067159 0 0 0.000887823500688063
"mit der wimper zu zucken" 0 0 0 0 0 0.00371112595561493 0 0 0 0 0 0.00150772710139465 0 0 0.000879948611001118 0 0 0 0 0 0 0 0
"name is alexander sowtschick i" 0 0 0 0 0 0 0 0 0 0 0 0 0 0 0.00439974305500559 0 0 0 0 0 0 0 0
"nicht aus wie eine gräfin" 0 0 0 0 0 0 0 0 0 0 0 0 0 0.00118687318260044 0 0 0 0 0 0.00376240417626864 0 0 0
"nicht ganz richtig im kopf" 0 0 0 0.00133064542956561 0.00201300400587797 0 0 0 0 0 0 0 0 0 0 0.000682039844767731 0 0 0 0 0 0 0.000887823500688063
"noch in der alten wohnung" 0 0 0 0 0 0 0 0 0 0 0 0 0 0.00237374636520088 0 0 0 0 0 0.00282180313220148 0 0 0
"noch ist polen nicht verloren" 0.00206062354468462 0 0 0 0 0 0.00147947961770247 0 0 0 0 0 0 0 0 0 0 0 0 0 0 0 0
"noch was anderes zu tun" 0 0 0 0 0 0 0 0 0 0 0 0 0.000702508658419215 0 0.000879948611001118 0.000682039844767731 0 0 0 0 0.00109770689030615 0.00103474679745866 0
"nun war es zu spät" 0 0 0 0 0 0 0 0 0 0 0 0 0 0 0 0 0.00155617802676626 0 0 0.00188120208813432 0.00109770689030615 0 0
"nur der s für buntes" 0 0 0 0 0 0 0 0 0 0 0 0 0 0 0 0.00204611953430319 0 0.00101604332408734 0 0 0 0.00103474679745866 0
"o lilala o lulala o" 0 0 0 0 0 0 0 0 0 0 0 0 0.000702508658419215 0.00118687318260044 0 0 0 0.00101604332408734 0 0 0 0 0.00177564700137613
"ob das nicht was wär" 0 0 0 0 0 0 0 0 0 0 0 0 0 0 0.00175989722200224 0.000682039844767731 0 0.00101604332408734 0.00215600879651589 0 0 0 0
"ob im wald ob in" 0 0 0 0 0 0 0 0 0 0 0 0 0 0.00118687318260044 0 0 0 0 0 0.00376240417626864 0 0 0
"ob in der klause dr" 0 0 0 0 0 0 0 0 0 0 0 0 0 0.00118687318260044 0 0 0 0 0 0.00376240417626864 0 0 0
"ob sie sich noch an" 0 0 0 0 0 0 0 0 0 0 0 0 0.00210752597525764 0 0 0 0 0 0 0 0 0 0.00177564700137613
"of an old apple tree" 0 0 0 0 0 0 0 0 0 0 0 0 0 0 0 0 0 0.00101604332408734 0 0.00376240417626864 0 0 0
"prost mein s auch so" 0 0 0 0 0 0 0 0 0 0 0 0 0 0.0059343659130022 0 0 0 0 0 0 0 0 0
"raben immer noch um den" 0 0 0 0 0 0 0 0 0 0 0 0 0.000702508658419215 0 0 0 0 0.00101604332408734 0 0.00282180313220148 0 0 0
"sagte meine mutter das ist" 0 0 0 0 0 0 0 0 0 0 0 0 0 0.00356061954780132 0 0 0 0 0 0.00188120208813432 0 0 0
"sagte meine mutter das sei" 0 0 0 0 0 0 0 0 0 0 0 0 0 0.00237374636520088 0 0 0 0 0 0.00282180313220148 0 0 0
"setzte sich ans klavier und" 0 0 0 0 0 0 0 0 0 0 0 0 0 0 0.000879948611001118 0 0.00155617802676626 0 0 0.000940601044067159 0.00109770689030615 0 0
"shade of an old apple" 0 0 0 0 0 0 0 0 0 0 0 0 0 0 0 0 0 0.00101604332408734 0 0.00376240417626864 0 0 0
"sie nicht aus wie eine" 0 0 0 0 0 0 0 0 0 0 0 0 0 0.00118687318260044 0 0 0 0 0 0.00376240417626864 0 0 0
"sie wissen was ich meine" 0 0 0 0 0 0 0 0 0 0 0 0.00376931775348662 0 0 0 0 0 0 0 0 0 0 0
"siehst du im osten das" 0.00309093531702693 0 0 0.000665322714782805 0 0 0 0 0 0.00135976720785402 0 0 0 0 0 0 0 0 0 0 0 0 0
"sieht sie nicht aus wie" 0 0 0 0 0 0 0 0 0 0 0 0 0 0.00118687318260044 0 0 0 0 0 0.00376240417626864 0 0 0
"so in diesem stil und" 0 0 0 0 0 0 0 0 0 0 0 0 0.000702508658419215 0 0 0.000682039844767731 0.00155617802676626 0 0 0 0.00109770689030615 0 0
"so ist es ja nicht" 0 0 0 0 0 0 0 0 0 0 0 0 0.00140501731683843 0 0.000879948611001118 0 0 0 0 0 0 0.00103474679745866 0.000887823500688063
"so nimm denn meine hände" 0.00103031177234231 0 0 0 0 0 0 0 0 0 0 0 0 0 0 0.000682039844767731 0 0 0.00215600879651589 0 0.00109770689030615 0 0.000887823500688063
"so rum und mal so" 0 0 0 0 0 0 0 0 0 0 0 0 0 0 0.00175989722200224 0 0.000778089013383131 0.00101604332408734 0 0 0 0 0.000887823500688063
"soll ich soll ich nicht" 0 0 0 0 0 0 0.00147947961770247 0.000820943921320735 0 0 0 0 0 0 0.000879948611001118 0 0 0 0 0 0 0 0
"steige hoch du roter adler" 0 0 0 0 0 0 0 0 0 0 0 0 0.000702508658419215 0 0 0 0 0 0 0 0.0043908275612246 0 0
"the shade of an old" 0 0 0 0 0 0 0 0 0 0 0 0 0 0 0 0 0 0.00101604332408734 0 0.00376240417626864 0 0 0
"treckt sick all na n" 0 0 0 0 0 0 0 0 0 0 0 0 0.00140501731683843 0.00118687318260044 0 0 0 0.00101604332408734 0 0 0 0.00103474679745866 0
"ulla sven eins zwei drei" 0 0 0 0 0 0 0 0 0 0 0 0 0 0 0 0 0 0.0050802166204367 0 0 0 0 0
"und auf der andern seite" 0 0 0 0 0 0 0 0 0 0 0 0 0.00140501731683843 0 0.000879948611001118 0.000682039844767731 0 0 0 0 0 0 0.000887823500688063
"und dann die sache mit" 0 0 0 0 0 0 0 0 0 0 0 0 0.000702508658419215 0 0 0.000682039844767731 0.00155617802676626 0 0.00215600879651589 0 0 0 0
"und dann machte er sich" 0 0 0 0 0 0 0 0 0 0 0 0 0 0 0.000879948611001118 0 0.00155617802676626 0 0 0 0.00109770689030615 0 0.000887823500688063
"und er dachte an die" 0 0 0 0 0 0 0 0 0 0 0 0 0 0 0.000879948611001118 0.000682039844767731 0.00155617802676626 0 0 0 0 0.00103474679745866 0
"und er freute sich über" 0 0 0 0 0 0 0 0 0 0 0 0 0 0 0.000879948611001118 0.000682039844767731 0.000778089013383131 0 0.00431201759303178 0 0 0 0
"und ich weiß nicht was" 0 0 0 0 0 0.00185556297780747 0 0 0 0 0 0 0 0.00118687318260044 0 0 0 0.00101604332408734 0 0.000940601044067159 0 0 0.000887823500688063
"und nun saß er hier" 0 0 0 0 0 0 0 0 0 0 0 0 0 0 0.000879948611001118 0.00136407968953546 0.000778089013383131 0 0 0 0.00109770689030615 0 0
"und rieb sich die hände" 0 0 0 0 0 0 0 0 0 0 0 0 0 0 0.000879948611001118 0.000682039844767731 0.000778089013383131 0 0 0 0.0021954137806123 0 0
"und setzte sich an den" 0 0 0 0 0 0 0 0 0 0 0 0 0 0 0.000879948611001118 0 0.00233426704014939 0.00101604332408734 0 0 0 0 0
"und von zeit zu zeit" 0.00103031177234231 0 0.00195068664169788 0 0 0 0 0 0 0 0 0 0 0 0.000879948611001118 0.000682039844767731 0 0 0 0 0 0 0.000887823500688063
"und was weiß ich nicht" 0 0 0 0 0 0 0 0 0 0 0 0 0.000702508658419215 0 0 0 0 0.00304812997226202 0 0 0 0 0.000887823500688063
"unter den röcken meiner großmutter" 0 0 0 0 0 0 0.00197263949026996 0.000820943921320735 0 0 0 0 0 0 0 0 0 0 0 0 0 0 0
"von der hand zu weisen" 0 0 0 0 0 0 0 0 0 0 0 0 0.000702508658419215 0 0.000879948611001118 0.000682039844767731 0 0.00101604332408734 0 0 0 0.00103474679745866 0
"wald ob in der klause" 0 0 0 0 0 0 0 0 0 0 0 0 0 0.00118687318260044 0 0 0 0 0 0.00376240417626864 0 0 0
"war das immer schön gewesen" 0 0 0 0 0 0 0 0 0 0 0 0 0 0.00118687318260044 0 0 0 0 0 0.00376240417626864 0 0 0
"was da alles drin ist" 0 0 0 0 0 0 0 0 0 0 0 0 0 0.00118687318260044 0.000879948611001118 0.00136407968953546 0 0 0 0 0.00109770689030615 0 0
"was zur folge hatte daß" 0.00103031177234231 0.00112515048887789 0 0 0 0 0 0 0 0 0 0 0 0 0 0.000682039844767731 0.000778089013383131 0 0 0 0 0.00103474679745866 0
"weiß was noch alles kommt" 0 0 0 0 0 0 0 0 0 0 0 0 0.000702508658419215 0 0 0 0 0 0 0.000940601044067159 0.0021954137806123 0 0.000887823500688063
"wenn der wind vorüber ist" 0 0.00562575244438944 0 0 0 0 0 0 0 0 0 0 0 0 0 0 0 0 0 0 0 0 0
"wenn mich nicht alles täuscht" 0.00103031177234231 0 0.00195068664169788 0.000665322714782805 0 0.00371112595561493 0 0 0 0 0 0 0 0 0 0 0 0 0 0 0 0 0
"wenn sie wissen was ich" 0 0 0 0 0 0 0 0 0 0 0 0.0030154542027893 0 0 0 0.000682039844767731 0 0 0 0 0 0 0
"wer konnte denn wissen ob" 0 0 0 0 0 0 0 0 0 0 0 0 0 0 0 0.00136407968953546 0.00155617802676626 0 0 0 0.00109770689030615 0 0
"wer konnte es denn wissen" 0 0 0 0 0 0 0 0 0 0 0 0 0 0 0 0.00204611953430319 0.000778089013383131 0 0 0 0.00109770689030615 0 0
"what is this thing called" 0 0 0 0 0 0 0 0 0 0 0 0 0 0 0.00439974305500559 0 0 0 0 0 0 0 0
"wie eh und je die" 0 0 0 0 0 0 0.000493159872567489 0 0 0 0 0.000753863550697324 0 0 0 0 0 0 0 0.000940601044067159 0 0 0.00177564700137613
"wie hast du es hier" 0 0 0 0 0 0 0 0 0 0 0 0 0 0.00118687318260044 0 0 0.000778089013383131 0 0 0 0 0 0.00266347050206419
"wie hingestellt und nicht abgeholt" 0 0 0 0 0 0 0 0 0 0 0 0 0.000702508658419215 0 0.00175989722200224 0 0 0 0 0.00188120208813432 0 0 0
"wie isses nun zu glauben" 0 0 0 0 0 0 0 0 0 0 0 0 0 0.00118687318260044 0 0 0 0 0 0.00376240417626864 0 0 0
"wie man so sagt und" 0 0 0 0 0 0 0 0 0 0 0 0 0.00140501731683843 0 0 0 0 0 0 0 0 0.00206949359491732 0.000887823500688063
"will ihnen mal was sagen" 0 0 0 0 0 0 0 0 0 0 0 0.000753863550697324 0 0 0 0.000682039844767731 0 0 0 0 0.00109770689030615 0 0.00177564700137613
"wußte es ja auch nicht" 0 0 0 0 0 0 0 0 0 0 0 0 0 0 0.00263984583300335 0.000682039844767731 0 0 0 0 0.00109770689030615 0 0
"zu fuß auf den weg" 0.00309093531702693 0.00112515048887789 0 0 0 0 0 0 0 0 0 0 0 0 0 0 0 0 0 0.000940601044067159 0 0 0
"zu zweit oder zu dritt" 0 0 0 0 0 0 0 0 0 0 0 0 0 0 0 0.00136407968953546 0 0 0 0 0 0.00206949359491732 0.000887823500688063
"ab die hände auf dem" 0.00206062354468462 0 0 0 0 0 0 0 0 0 0 0 0 0.00118687318260044 0 0 0 0.00101604332408734 0 0 0 0 0
"aber herr doktor kempowski sitzt" 0 0 0 0 0 0 0 0 0 0 0 0 0 0 0 0 0 0 0 0.00188120208813432 0 0 0.00177564700137613
"abzüglich dem und zuzüglich dem" 0 0 0 0 0 0 0 0 0 0 0 0 0 0 0 0 0 0 0 0 0 0.00413898718983465 0
"alles ab nach krieg und" 0 0 0 0 0 0 0 0 0 0 0 0 0 0 0 0 0 0 0 0.00188120208813432 0 0.00103474679745866 0.000887823500688063
"alles über sich ergehen lassen" 0 0 0 0 0 0 0 0 0 0 0.00176102844060932 0 0 0 0.00175989722200224 0.000682039844767731 0 0 0 0 0 0 0
"als kämen sie von oben" 0 0 0 0 0 0 0 0 0 0 0 0 0 0 0 0 0 0.00203208664817468 0 0.00188120208813432 0 0 0
"als sie da so saßen" 0 0 0 0 0 0 0 0 0 0 0 0 0 0 0.000879948611001118 0.000682039844767731 0.000778089013383131 0 0 0 0.00109770689030615 0 0
"als sie erfuhr daß ich" 0 0 0 0 0 0 0 0 0 0 0.00176102844060932 0.000753863550697324 0 0 0 0 0 0 0 0 0 0.00206949359491732 0
"als wenn nichts gewesen wär" 0 0 0 0 0 0 0 0 0 0 0 0 0 0.00356061954780132 0 0 0 0 0 0 0 0.00103474679745866 0
"am anderen ende des korridors" 0 0 0 0 0 0 0.00197263949026996 0 0 0 0 0 0 0 0 0 0 0 0 0 0 0 0
"am brunnen vor dem tore" 0 0 0 0 0 0 0 0 0 0 0 0.000753863550697324 0 0 0 0 0.000778089013383131 0 0 0.000940601044067159 0.00109770689030615 0 0
"am pregel in einem kleinen" 0 0 0 0 0 0 0 0 0 0 0 0 0 0 0 0 0 0 0 0 0.0043908275612246 0 0
"an bord des schiffes die" 0 0 0 0 0 0 0 0.00328377568528294 0 0 0 0 0 0 0 0 0 0 0 0 0 0 0
"an den horizont marsch marsch" 0 0 0 0 0 0 0 0 0 0 0 0 0 0.00237374636520088 0.000879948611001118 0 0 0 0 0.000940601044067159 0 0 0
"an der saale hellem strande" 0 0 0 0 0 0 0.000493159872567489 0 0 0 0 0 0 0 0 0 0 0 0.00215600879651589 0.00188120208813432 0 0 0
"an sich gar nicht so" 0 0 0 0 0 0 0 0 0 0 0 0 0.00210752597525764 0 0 0 0 0.00101604332408734 0 0 0 0 0
"antje antje hörst du nicht" 0 0 0 0 0 0 0 0 0 0 0 0 0 0.00237374636520088 0 0 0 0 0 0.00188120208813432 0 0 0
"antje hörst du nicht von" 0 0 0 0 0 0 0 0 0 0 0 0 0 0.00237374636520088 0 0 0 0 0 0.00188120208813432 0 0 0
"art tatum blind sei und" 0 0 0 0 0 0 0 0 0 0 0 0 0 0 0 0 0 0 0 0.00376240417626864 0 0 0
"auf dem kopf und eine" 0 0 0 0 0 0 0 0 0 0 0 0 0.00140501731683843 0 0 0 0 0 0.00215600879651589 0 0.00109770689030615 0 0
"auf dem tisch lagen die" 0 0 0 0 0 0 0 0 0 0 0 0 0 0 0.000879948611001118 0 0.00155617802676626 0 0 0 0.00109770689030615 0 0
"auf den klippen des stillen" 0 0 0 0 0 0 0 0 0 0 0 0 0 0 0.00351979444400447 0 0 0 0 0 0 0 0
"auf der mauer gesessen und" 0 0 0 0 0 0 0 0 0 0 0 0 0 0 0 0 0.00311235605353252 0 0 0 0 0 0
"auf eine weise die mir" 0 0 0 0 0.00201300400587797 0 0 0 0 0.00407930162356205 0 0 0 0 0 0 0 0 0 0 0 0 0
"auf einer bank unter einem" 0 0 0 0 0 0 0 0 0 0 0 0.0030154542027893 0 0 0 0 0 0 0 0 0 0 0
"auf und ab gegangen und" 0 0 0.00195068664169788 0 0 0 0 0 0 0 0 0 0 0 0.000879948611001118 0.000682039844767731 0 0 0 0 0.00109770689030615 0 0
"auf und ab zu gehen" 0 0 0.00195068664169788 0 0 0 0 0 0 0.00135976720785402 0 0 0 0 0 0 0.00155617802676626 0 0 0 0 0 0
"augen füllen sich mit tränen" 0.00103031177234231 0 0 0 0 0 0 0 0 0 0 0 0.00210752597525764 0 0 0 0 0 0 0 0 0 0
"aus messer raus drei mann" 0 0 0 0 0 0 0 0 0 0 0 0 0.00140501731683843 0 0 0 0 0 0 0.000940601044067159 0 0 0.000887823500688063
"auszog das gruseln zu lernen" 0 0 0 0 0 0 0 0 0 0 0 0 0.000702508658419215 0 0.000879948611001118 0.000682039844767731 0 0.00101604332408734 0 0 0 0 0
"bank von holz woll n" 0 0 0 0 0 0 0 0 0 0 0 0 0.00140501731683843 0 0 0 0 0 0 0 0 0 0.00177564700137613
"beim deibel auf der rinn" 0 0 0 0 0 0 0 0 0 0 0 0 0 0 0 0.00136407968953546 0 0 0 0 0.00109770689030615 0.00103474679745866 0
"bis in die nacht hinein" 0 0 0 0.000665322714782805 0 0 0.000986319745134978 0 0 0 0 0 0 0 0 0 0 0 0 0 0 0 0.000887823500688063
"bist und rühr dich nicht" 0 0 0 0 0 0 0 0 0 0 0 0 0 0 0.000879948611001118 0 0 0 0 0 0.00329312067091845 0 0
"bleib wo du bist und" 0 0 0 0 0 0 0 0 0 0 0 0 0 0 0.000879948611001118 0 0 0 0 0 0.00329312067091845 0 0
"blind sei und chick webb" 0 0 0 0 0 0 0 0 0 0 0 0 0 0 0 0 0 0 0 0.00376240417626864 0 0 0
"blut unter den fingernägeln hervors" 0 0 0 0 0 0 0 0 0 0 0 0 0 0 0 0 0 0 0 0.00376240417626864 0 0 0
"bringen grünen wald und vogelsingen" 0 0 0 0 0 0 0 0 0 0 0 0 0 0 0.00351979444400447 0 0 0 0 0 0 0 0
"d d tz d d" 0 0 0 0 0 0 0 0 0 0 0 0 0 0 0 0 0 0 0 0.00376240417626864 0 0 0
"da sieht man s mal" 0 0 0 0 0 0 0 0 0 0 0 0 0.000702508658419215 0 0.00175989722200224 0 0 0.00101604332408734 0 0 0 0 0
"dann das tuten der großen" 0 0 0 0 0 0 0 0 0 0 0 0 0 0 0 0 0 0 0 0 0.0043908275612246 0 0
"dann ging er in die" 0 0 0 0 0 0 0 0 0 0 0 0 0 0 0 0.00136407968953546 0.000778089013383131 0 0 0 0.00109770689030615 0 0
"dann setzte er sich an" 0 0 0 0 0 0 0 0 0 0 0 0 0 0 0 0.000682039844767731 0 0.00101604332408734 0 0.000940601044067159 0.00109770689030615 0 0
"dann wollte er wissen ob" 0 0 0 0 0 0 0 0.000820943921320735 0 0 0 0 0 0 0 0 0.00155617802676626 0 0 0.000940601044067159 0 0 0
"das blut unter den fingernägeln" 0 0 0 0 0 0 0 0 0 0 0 0 0 0 0 0 0 0 0 0.00376240417626864 0 0 0
"das eine noch das andere" 0.00103031177234231 0 0.00195068664169788 0 0 0 0 0 0 0.00135976720785402 0.00176102844060932 0 0 0 0 0 0 0 0 0 0 0 0
"das erste mal daß ich" 0 0 0 0 0.00201300400587797 0 0.000493159872567489 0 0 0.00135976720785402 0 0 0 0 0 0 0 0 0 0.000940601044067159 0 0 0
"das für eine schweinerei ist" 0 0 0 0 0 0 0 0 0 0 0 0 0 0 0 0 0.00155617802676626 0 0 0 0 0.00206949359491732 0
"das gar nicht so einfach" 0 0 0 0 0 0 0 0 0 0 0 0 0 0 0.000879948611001118 0.00136407968953546 0 0 0.00215600879651589 0 0 0 0
"das hätte ihm noch gefehlt" 0 0 0 0 0 0 0 0 0 0 0 0 0 0 0 0.000682039844767731 0.000778089013383131 0 0 0.000940601044067159 0.00109770689030615 0 0
"das ist das einzige was" 0 0.00112515048887789 0 0 0 0.00185556297780747 0 0 0 0 0.00176102844060932 0 0.000702508658419215 0 0 0 0 0 0 0 0 0 0
"das ist das erste mal" 0 0 0 0 0 0 0 0 0 0 0.00352205688121863 0 0 0 0 0 0 0 0 0.000940601044067159 0 0 0.000887823500688063
"das ist der ganze witz" 0 0 0 0 0 0 0 0 0 0 0 0 0.00140501731683843 0 0 0 0 0 0 0 0 0 0.00177564700137613
"das ist ja auch nicht" 0 0 0 0 0 0 0 0 0 0 0 0 0.000702508658419215 0 0 0.000682039844767731 0 0 0 0 0 0.00103474679745866 0.000887823500688063
"das ist nun mal so" 0 0 0 0 0 0 0 0 0.00138527179032526 0 0 0 0.00140501731683843 0 0 0.000682039844767731 0 0 0 0 0 0 0
"das kann ja gar nicht" 0 0 0 0 0 0 0 0 0 0 0 0 0 0 0 0 0 0.00203208664817468 0 0 0.0021954137806123 0 0
"das könne er wohl sagen" 0 0 0 0 0 0 0 0 0 0 0 0 0 0.00118687318260044 0 0 0 0.00203208664817468 0 0 0 0.00103474679745866 0
"das konnte ja nicht gut" 0 0 0 0.000665322714782805 0 0 0 0 0 0 0 0 0 0.00118687318260044 0 0 0 0 0 0.00188120208813432 0 0 0
"das leben nach dem tode" 0.00206062354468462 0 0 0 0 0 0 0 0 0 0 0 0 0 0 0 0 0 0 0 0 0 0.00177564700137613
"das märchen von hänsel und" 0 0 0 0 0 0 0 0.0024628317639622 0 0 0 0 0 0 0 0 0 0 0 0 0 0.00103474679745866 0
"das sei ja das schade" 0 0 0 0 0 0 0 0 0 0 0 0 0 0 0 0 0 0 0 0.00282180313220148 0 0.00103474679745866 0
"das sei noch das schönste" 0 0 0 0 0 0 0 0 0 0 0 0 0 0.00118687318260044 0.000879948611001118 0 0 0 0.00215600879651589 0 0.00109770689030615 0 0
"das sowjetparadies in den grüften" 0 0 0 0 0 0 0 0 0 0 0 0.0030154542027893 0 0 0 0 0 0 0 0 0 0 0
"das tuten der großen schiffe" 0 0 0 0 0 0 0 0 0 0 0 0 0 0 0 0 0 0 0 0 0.0043908275612246 0 0
"das verwächst sich auch wieder" 0.00412124708936924 0 0 0 0 0 0 0 0 0 0 0 0 0 0 0 0 0 0 0 0 0 0
"das war der ganze witz" 0 0 0 0 0 0 0 0 0 0 0 0 0 0 0.00263984583300335 0 0 0 0 0 0.00109770689030615 0 0
"das war doch mal was" 0 0 0 0 0 0 0 0 0 0 0 0 0 0 0 0.000682039844767731 0.000778089013383131 0 0.00215600879651589 0 0.00109770689030615 0 0
"das war ja auch kein" 0 0 0 0 0 0 0 0 0 0 0 0 0 0.00118687318260044 0 0 0 0.00101604332408734 0 0 0 0.00206949359491732 0
"das war ja nun wirklich" 0 0 0 0 0 0 0 0 0 0 0 0 0 0 0 0 0.000778089013383131 0 0 0 0.00109770689030615 0.00103474679745866 0.000887823500688063
"das war ja schon fast" 0 0 0 0 0 0 0 0 0 0 0 0 0 0 0 0 0 0.00203208664817468 0 0 0.00109770689030615 0.00103474679745866 0
"das wasser in die augen" 0 0 0 0 0 0 0 0 0 0 0 0 0.00140501731683843 0 0 0 0 0 0 0.000940601044067159 0 0 0.000887823500688063
"daß art tatum blind sei" 0 0 0 0 0 0 0 0 0 0 0 0 0 0 0 0 0 0 0 0.00376240417626864 0 0 0
"daß das gar nicht so" 0 0 0 0 0 0 0 0 0 0 0 0 0 0 0.000879948611001118 0.000682039844767731 0.000778089013383131 0 0.00215600879651589 0 0 0 0
"daß er nicht in die" 0.00103031177234231 0 0 0 0 0 0 0 0 0 0 0 0.00210752597525764 0 0 0 0 0 0 0 0 0 0
"daß es sich nicht um" 0 0.00225030097775577 0 0.000665322714782805 0 0 0 0 0 0.00135976720785402 0 0 0 0 0 0 0 0 0 0 0 0 0
"daß es sich um eine" 0.00103031177234231 0.00112515048887789 0.00195068664169788 0 0 0 0 0 0 0 0 0.000753863550697324 0 0 0 0 0 0 0 0 0 0 0
"de pierd will n se" 0 0 0 0 0 0 0 0 0 0 0 0 0 0 0 0 0 0 0 0.00282180313220148 0 0 0.000887823500688063
"deine söhne sich um dich" 0 0 0 0.000665322714782805 0 0 0 0 0 0 0 0 0.000702508658419215 0 0 0.000682039844767731 0 0 0 0.000940601044067159 0 0 0
"dem tod meiner armen mama" 0 0 0 0 0 0 0.00197263949026996 0 0 0 0 0 0 0 0 0 0 0 0 0 0 0 0
"dem tode meiner armen mama" 0 0 0 0 0 0 0.00197263949026996 0 0 0 0 0 0 0 0 0 0 0 0 0 0 0 0
"den hut in der hand" 0.00103031177234231 0 0.00195068664169788 0 0 0 0 0 0 0 0 0 0.000702508658419215 0 0 0 0 0 0 0 0.00109770689030615 0 0
"den klippen des stillen ozeans" 0 0 0 0 0 0 0 0 0 0 0 0 0 0 0.00351979444400447 0 0 0 0 0 0 0 0
"den kopf auf die tischplatte" 0 0 0 0 0 0 0 0 0 0 0 0 0.000702508658419215 0 0 0 0 0 0 0.000940601044067159 0 0.00103474679745866 0.000887823500688063
"den siebenten himmel der liebe" 0.00103031177234231 0 0 0 0 0 0 0 0 0 0 0 0.000702508658419215 0.00118687318260044 0 0.000682039844767731 0 0 0 0 0 0 0
"den wald und pflücke viele" 0 0 0 0 0 0 0 0 0 0 0 0 0 0 0 0.00272815937907093 0 0 0 0 0 0 0
"denk mich laust der affe" 0 0 0 0 0 0 0 0 0 0 0 0 0.000702508658419215 0.00118687318260044 0 0 0 0 0 0.00188120208813432 0 0 0
"denn meine hände und führe" 0.00103031177234231 0 0 0 0 0 0 0 0 0 0 0 0 0 0 0.000682039844767731 0 0 0 0 0.00109770689030615 0 0.000887823500688063
"der auszog das gruseln zu" 0 0 0 0 0 0 0 0 0 0 0 0 0.000702508658419215 0 0.000879948611001118 0.000682039844767731 0 0.00101604332408734 0 0 0 0 0
"der eine mal der andere" 0 0 0 0 0 0 0 0 0 0 0 0 0.000702508658419215 0.00118687318260044 0 0 0.000778089013383131 0 0 0 0 0.00103474679745866 0
"der eine oder der andere" 0 0.00112515048887789 0 0 0 0 0.000493159872567489 0.000820943921320735 0 0 0 0 0 0 0.000879948611001118 0 0 0 0 0 0 0 0
"der ganze tag im eimer" 0 0 0 0 0 0 0 0 0 0 0 0 0.000702508658419215 0 0 0 0 0.00101604332408734 0 0.00188120208813432 0 0 0
"der gesellschaften zur versöhnung rassischer" 0 0 0 0 0 0 0 0 0 0.00543906883141606 0 0 0 0 0 0 0 0 0 0 0 0 0
"der großen schiffe vom hafen" 0 0 0 0 0 0 0 0 0 0 0 0 0 0 0 0 0 0 0 0 0.0043908275612246 0 0
"der mensch es frißt das" 0 0 0 0.000665322714782805 0 0 0 0 0 0 0 0 0 0 0 0 0 0 0 0.000940601044067159 0.00109770689030615 0.00103474679745866 0
"der muß haben ein gewehr" 0 0 0 0 0 0 0 0 0 0 0 0 0.000702508658419215 0 0 0 0 0 0 0.00188120208813432 0 0 0.000887823500688063
"der not frißt der teufel" 0 0 0 0 0 0 0 0 0 0 0 0 0 0 0.000879948611001118 0.000682039844767731 0 0.00101604332408734 0 0.000940601044067159 0 0 0
"des schiffes die neue ilsebill" 0 0 0 0 0 0 0 0.00328377568528294 0 0 0 0 0 0 0 0 0 0 0 0 0 0 0
"des sohnes und des heiligen" 0.00103031177234231 0 0 0 0 0 0 0 0 0 0 0.000753863550697324 0 0 0.000879948611001118 0.000682039844767731 0 0 0 0 0 0 0
"die arme um den hals" 0.00309093531702693 0 0 0 0 0 0 0 0 0 0 0 0 0 0 0.000682039844767731 0 0 0 0 0 0 0
"die dritte heirat ich amol" 0 0 0 0 0 0 0 0 0 0 0 0 0 0.00118687318260044 0 0 0 0 0 0.000940601044067159 0 0.00103474679745866 0.000887823500688063
"die eine lieb ich die" 0 0 0 0 0 0 0 0 0 0 0 0 0 0.00118687318260044 0 0 0 0 0 0.000940601044067159 0 0.00103474679745866 0.000887823500688063
"die hand aus der tasche" 0 0 0 0 0 0 0 0 0 0 0 0 0 0 0 0.000682039844767731 0 0 0 0.00188120208813432 0.00109770689030615 0 0
"die kirche fällt ist bunt" 0 0 0 0 0 0 0 0 0 0 0 0 0 0 0 0.00136407968953546 0 0.00101604332408734 0 0 0 0.00103474679745866 0
"die letzten risse und schründen" 0 0 0 0 0 0 0 0 0 0 0 0 0.000702508658419215 0 0 0 0 0 0 0.00282180313220148 0 0 0
"die rättin bevor sie verging" 0 0 0 0 0 0 0 0.00328377568528294 0 0 0 0 0 0 0 0 0 0 0 0 0 0 0
"die rotfront und reaktion erschossen" 0 0 0 0.00133064542956561 0 0 0 0 0 0 0 0 0 0 0 0 0 0 0 0.000940601044067159 0 0.00103474679745866 0
"die serviette in den kragen" 0 0 0 0 0 0 0 0 0 0 0 0 0.000702508658419215 0 0.000879948611001118 0 0 0 0 0.000940601044067159 0 0 0.000887823500688063
"die tür hinter sich zu" 0.00103031177234231 0 0 0.000665322714782805 0 0 0 0 0 0 0 0 0 0 0 0.000682039844767731 0 0 0 0.000940601044067159 0 0 0
"die verteidigung der polnischen post" 0 0 0 0 0 0 0.00197263949026996 0 0 0 0 0 0 0 0 0 0 0 0 0 0 0 0
"die zigarre aus dem mund" 0 0 0 0 0 0 0 0 0 0.00271953441570803 0 0 0 0 0 0 0 0 0 0.000940601044067159 0 0 0.000887823500688063
"ditmal betahl ick noch so" 0 0 0 0 0 0 0 0 0 0 0 0 0 0.00237374636520088 0 0 0 0.00203208664817468 0 0 0 0 0
"du bist ja nur ein" 0 0 0 0 0 0 0 0 0 0 0 0 0.00140501731683843 0 0 0 0 0 0 0 0 0 0.00177564700137613
"du bist und rühr dich" 0 0 0 0 0 0 0 0 0 0 0 0 0 0 0.000879948611001118 0 0 0 0 0 0.00329312067091845 0 0
"du kannst es nicht ahnen" 0 0 0 0 0 0 0 0 0 0 0 0 0 0 0 0 0 0.00101604332408734 0 0.00282180313220148 0 0 0
"du nicht von ferne das" 0 0 0 0 0 0 0 0 0 0 0 0 0 0.00237374636520088 0 0 0 0 0 0.00188120208813432 0 0 0
"du s darfst frakt sick" 0 0 0 0 0 0 0 0 0 0 0 0 0 0.00118687318260044 0 0 0 0 0 0.00282180313220148 0 0 0
"ei warum ei darum ei" 0 0 0 0 0 0 0 0 0 0 0 0 0 0 0 0.00136407968953546 0 0 0 0 0 0 0.00177564700137613
"ein kind nach dem anderen" 0.00103031177234231 0.00337545146663366 0 0 0 0 0 0 0 0 0 0 0 0 0 0 0 0 0 0 0 0 0
"ein wenig hin und her" 0 0 0 0 0 0 0 0 0 0 0 0 0.00140501731683843 0 0 0 0 0 0 0.00188120208813432 0 0 0
"eine ganze nacht klassisch zu" 0 0 0 0 0 0 0 0 0 0 0 0 0 0 0 0 0 0 0 0.00376240417626864 0 0 0
"einem das blut unter den" 0 0 0 0 0 0 0 0 0 0 0 0 0 0.00118687318260044 0 0 0 0 0 0.00282180313220148 0 0 0
"einem der auszog das gruseln" 0 0 0 0 0 0 0 0 0 0 0 0 0.000702508658419215 0 0.000879948611001118 0.000682039844767731 0 0.00101604332408734 0 0 0 0 0
"einem kleinen restaurant gebratene flundern" 0 0 0 0 0 0 0 0 0 0 0 0 0 0 0 0 0 0 0 0 0.0043908275612246 0 0
"einen schal um den hals" 0 0 0.00195068664169788 0 0 0 0 0 0 0 0 0 0 0.00118687318260044 0 0 0 0 0 0.000940601044067159 0.00109770689030615 0 0
"einen schluck aus der flasche" 0 0 0 0 0 0 0 0 0 0.00271953441570803 0 0 0.000702508658419215 0 0 0 0 0 0 0 0.00109770689030615 0 0
"einer neben dem andern und" 0 0 0 0 0 0 0 0 0 0 0 0 0 0 0.000879948611001118 0.00136407968953546 0 0 0 0 0.00109770689030615 0 0
"er bedauerte es daß er" 0 0 0 0 0 0 0 0 0 0 0 0 0 0 0.000879948611001118 0 0.00155617802676626 0 0.00215600879651589 0 0 0 0
"er freute sich über die" 0 0 0 0 0 0 0 0 0 0 0 0 0 0 0.000879948611001118 0.000682039844767731 0.000778089013383131 0 0.00215600879651589 0 0 0 0
"er hatte keine lust sich" 0 0 0 0 0 0 0 0 0 0 0 0 0 0 0.000879948611001118 0.000682039844767731 0.000778089013383131 0 0.00215600879651589 0 0 0 0
"er lag auf dem rücken" 0 0 0 0 0 0 0.000493159872567489 0 0 0 0 0 0 0 0.00175989722200224 0.000682039844767731 0 0 0 0 0 0 0
"er nahm sie in die" 0 0 0.00195068664169788 0 0 0 0 0 0 0 0 0 0 0 0.00175989722200224 0.000682039844767731 0 0 0 0 0 0 0
"er rieb sich die hände" 0 0 0 0 0 0.00185556297780747 0 0 0 0 0 0 0 0.00118687318260044 0.000879948611001118 0.000682039844767731 0 0 0 0 0 0 0
"er setzte sich ans klavier" 0 0 0 0 0 0 0 0 0 0 0 0 0 0 0.000879948611001118 0 0.00155617802676626 0 0 0 0.00109770689030615 0 0
"er wisse noch wie er" 0 0 0 0 0 0 0 0 0 0 0 0 0 0 0 0.000682039844767731 0 0.00203208664817468 0 0 0.00109770689030615 0 0
"es an der zeit war" 0 0 0 0 0 0 0.000493159872567489 0 0 0 0 0 0 0 0.000879948611001118 0.000682039844767731 0.000778089013383131 0 0 0 0 0 0
"es bereits zu spät ist" 0 0 0 0 0 0 0 0 0 0 0 0 0.00140501731683843 0 0 0 0 0 0 0 0 0.00103474679745866 0.000887823500688063
