"cb_jauche_1975" "cb_quints_1985" "cb_tessin_1960" "cw_kindheitsmuster_1976" "cw_medea_1996" "cw_nachdenken_1968" "gg_blechtrommel_1959" "gg_raettin_1986" "gg_schnecke_1972" "hb_clown_1963" "hb_frauen_1975" "hb_gruppenbild_1971" "wk_aussicht_1981" "wk_gold_1972" "wk_gruesse_2003" "wk_heilewelt_1998" "wk_hundstage_1988" "wk_kapitel_1975" "wk_markbein_1991" "wk_tadel_1971" "wk_umsonst_2006" "wk_willkommen_1984" "wk_zeit_1978"
"und" 2.74566771754137 2.15794151730966 3.47390184910666 2.2873186212219 2.39528189851251 2.24506456879917 3.16553077750052 3.22620366949883 3.41589095744681 3.22111331683572 3.32987022134568 3.42846804468768 3.72670371124895 3.23170225139154 3.19058136158456 3.55674075690717 3.42115091344807 3.29387858775718 3.37386280343207 2.62135648378935 3.80558269211771 4.0487966392815 4.26140146840792
"die" 3.05680904988564 2.9545122129589 1.96613872200983 3.28061899978045 2.95082627161289 2.62728217307407 2.81342157433252 3.292697943603 2.69974512411348 2.10208576945041 2.07434538378911 2.37610626140184 3.26868093655823 3.15811960740099 2.68990822459018 3.15230216268935 3.37368896081666 2.77978155956312 3.5635752166602 2.81511300896359 3.11515537358814 3.06065434679138 3.26796225108533
"der" 2.34798376295564 2.30757979770705 1.34976983693532 2.60200789051741 1.86187878665888 1.66246103606947 2.45983292073105 2.29774658293314 2.25232712765957 1.38960650477252 1.31363468277307 2.13563104014956 2.41445441198165 2.06980856644394 2.15491829964715 2.48664943426338 2.15523948834459 1.87655575311151 2.16660199198034 2.21126985769242 2.47851333106484 2.19874593878691 2.28872770532409
"das" 1.46813377016752 1.41875091414363 1.49996098931107 1.35855282854425 1.52774702602605 1.5604126465786 1.0977522216414 1.10987973566474 0.946088209219858 1.03744595219319 1.19389318353907 1.14433036320051 2.04143279639764 2.01996225922453 1.79943157320475 1.84895957660122 1.84868195823348 1.95478790957582 1.76346311387056 2.13038121126045 2.10750469249092 2.05285267884858 1.97711272294676
"sie" 1.86272691681606 2.1613168168675 1.24249044238121 1.95932325174476 2.64889998188442 3.80362179011429 0.843286747083017 1.34219923654722 0.861591312056738 2.14423626029968 2.03912729577911 1.73006467954227 1.51105366312846 1.09543194198839 1.30579777732804 1.21331578265347 1.32737854408515 1.06985013970028 1.90143577803648 1.15125236317121 2.06030536864867 1.33890693872483 1.55097257610597
"er" 1.13020543570089 1.49413260426863 1.93102910197394 0.700566174562728 0.966164127131096 0.987086240166246 0.783615579599365 0.604194885687313 1.11785239361702 1.41951975634297 1.43337618200708 1.17599167759736 1.81031394229756 1.57015867741132 2.59839679006045 2.14086466652572 2.70144097600448 1.38277876555753 1.90574742379166 1.29798060553617 2.10311405771489 0.956066469383109 1.65040527703549
"in" 1.40425707279883 1.52676049999437 1.15861746118436 1.54018109602347 1.44924619069664 1.21159269704616 1.13523163262287 1.25436112137257 1.55280363475177 1.23460147390749 0.966736515874553 1.28303707389148 1.3234891219591 1.2259817942297 1.69032178588084 1.52840959467478 1.662724471694 1.34010668021336 1.76561893674816 1.19734008032431 1.45330011086353 1.4620367112969 1.39738456484876
"den" 1.38468195586326 1.27023773359886 1.1449637200593 1.17892047609226 1.19361526539321 1.00749591806442 1.61605302350354 1.15338833476994 1.0901484929078 0.989856688331113 0.91567028826005 0.984516109578301 1.20617347261347 1.10611329353541 1.09725729671703 1.21740791008232 1.34605209921882 0.972313944627889 1.14905359375674 1.04120618139749 1.35780380448503 1.01090577985638 1.19052903523646
"nicht" 1.11681193463971 1.30061542961938 1.40828587032847 1.39181807899832 1.48749018739558 1.81275048241057 0.963615382339307 0.893978574067233 0.815879875886525 1.25363717945232 1.8753631865326 1.31469838828833 1.03336119872709 1.11442101140531 1.21516626043802 1.0850957898829 0.889328063241107 1.12979425958852 0.963652826283793 1.15971745407688 0.997771752851168 0.975725844835792 1.00853168085654
"sich" 1.19923347963158 1.26236203463057 0.684637590699852 1.12835729540208 0.933958656226726 1.30065310969274 0.940930475692629 0.941591757993679 1.02227393617021 0.520762515976396 0.417334342918523 0.643026218583684 1.24270289636181 0.802288182864738 1.47386204651245 1.28083588522947 1.54368055771685 0.969265938531877 1.46164791100763 0.719532726982007 1.34353424146296 0.968482917037436 1.05913582329389
"mit" 0.948878036718798 0.936083077373117 0.864086759772178 0.833627176379011 0.791046879088585 0.71804957696304 1.09035496947401 0.908755079423716 0.896221187943262 0.935468958203029 0.808255119829544 0.934762615526106 1.23708298501591 1.10255284301974 0.967029486040107 1.16011812607845 1.10173975288662 0.912369824739649 1.16845599965507 1.10798634298667 1.10204932878171 1.35339279432154 1.18697786734612
"zu" 1.05602604520822 1.09584725644401 1.26589685573847 1.35921813355333 1.37879672309334 1.37301469496809 1.15988913984752 1.05323646513155 1.0832225177305 1.30394582982079 0.952649280670552 1.14508420401948 0.847201635394202 0.615957939211242 1.0647003440478 0.984838667876118 1.04571908748561 0.796545593091186 1.02832751261156 0.644287474487157 0.868248026958498 0.908470086708193 0.717335913848667
"ich" 0.461560651954421 0.794320495944015 3.32566123117734 0.184289487515551 3.28093234838268 1.65318390975212 1.47895728333448 0.857858227640274 1.28823138297872 4.03692926875697 3.13617073729067 1.09533070996728 0.141902761483938 1.056266986316 0.161904845706442 0.127537971532434 0.150166505866609 1.79324358648717 0.0603630405725866 1.09481842380007 0.124035432422643 1.50756368602943 0.501602464510516
"es" 0.912818610784859 1.05084326233953 1.28540220020286 1.00793708875834 1.24796199754433 1.2468457770521 0.784601879888351 0.80860320978533 0.657967641843972 1.07143828352324 0.950888376270052 0.8880244847498 0.924475416400306 0.58154025089308 1.10517655547441 0.857982717581826 0.88232548006598 0.733553467106934 0.920536368731945 0.754333656260875 1.02740853758932 0.735674523518821 0.845177957900905
"ein" 1.01790608064948 1.04071736366603 0.862136225325739 0.832961871369929 0.642096576155874 0.703206174855277 0.702245805758021 0.563149037474859 0.595633865248227 0.900116933619775 0.795928789026044 0.863901578542675 0.943442617192714 0.955387555038631 1.1042966378347 1.07827557750148 0.91811646073885 0.933705867411735 1.05850903289786 1.01957317130522 1.05704532232748 0.926060054218488 0.948161826720763
"auf" 1.01790608064948 0.904580281499983 0.860185690879301 0.856247546687779 0.756828566252692 0.740314680124685 0.990245490141929 0.850469974962033 0.810339095744681 0.788622086857205 0.667382767789537 0.597041928626351 0.915343060463221 0.726331905197071 0.945911462687092 0.962331967017453 0.906445488780306 0.79756159512319 0.927003837364722 0.889775110751606 0.923130961658782 0.838110216667012 0.8158808228056
"war" 0.487317384764377 0.815697393143642 1.04548646329094 0.606758168282249 0.722610253416799 0.705061600118747 0.599670575703479 0.354636128555597 0.470966312056738 1.09047398906807 0.792406980225044 0.970946974836793 0.195291919269974 0.766683677708019 1.07261960280518 1.08986993854989 0.966356478167502 0.718313436626873 1.10809295908248 0.709186504763965 1.24803793508446 0.904331270823417 0.452773906018342
"dem" 0.760338752549917 0.687436009945883 0.62807209175314 0.737823255071287 0.573659950484088 0.447157488496363 0.979889337107576 0.639494315150023 0.637189716312057 0.493568650912354 0.445508813326524 0.554073001944909 0.859143947004236 0.579166617215965 0.757609087789383 0.907088246728003 0.836419657029037 0.50495300990602 0.823524339240288 0.715770464357264 0.981306872441083 0.743952155288372 0.773266808121521
"von" 0.744884712863943 0.842699789606328 0.606616212842319 0.864231206796756 0.7487771985266 0.565904705358468 0.550848711398672 0.819275130320568 0.579011524822695 0.596905338155712 0.54764126855553 0.809625039576643 0.74815069792274 0.6254524739197 0.781366864061524 0.699753790333031 0.844200305001401 0.626873253746507 0.840770922261027 0.592556363396947 0.72006410326773 0.810173209444778 0.669395147329078
"an" 0.658342090622489 0.690811309503718 0.69829133182492 0.614741828391226 0.634045208429782 0.675374795903221 0.557259663277081 0.385010056232812 0.421099290780142 0.675767546841433 0.508901371744528 0.396520270779622 0.628727581822397 0.472353101745808 0.622101771274209 0.641781985091016 0.687809280756901 0.531369062738125 0.644591040400121 0.455233777593845 0.701403905469633 0.533907249136022 0.54332868722201
"auch" 0.547073004883477 0.592927622326481 0.626121557306702 0.399183005448848 0.454902276524225 0.52508534956212 0.556273362988095 0.400607478553544 0.50282579787234 0.344002393060126 0.778319745021043 0.638503173669848 0.662447049897788 0.522199408965214 0.692495182450923 0.625413475375623 0.459058230369425 0.574041148082296 0.510930021989393 0.585031838147462 0.694817953305599 0.623926494629886 0.630332300535339
"man" 0.462590921266819 0.56254992630596 0.503237887181088 0.453072711184443 0.305951973591514 0.877616149621493 0.270739429326653 0.24627508927472 0.168993794326241 0.156364724118239 0.262374755674514 0.395012589141677 0.89216092616139 0.848574039568473 0.666097653259655 0.549709117941933 0.336902057203324 0.967233934467869 0.588539645582719 0.838043999661396 0.692622635917588 0.796722057819258 0.988112465487087
"wie" 0.429622303270075 0.348780954309695 0.438870250448623 0.524260347156154 0.787021195225539 0.738459254861214 0.434958427442819 0.686286582112219 0.590093085106383 0.610502270687733 0.493053232140027 0.508842552806549 0.597115580501718 0.642067909659502 0.557867783575457 0.450816038411436 0.571877625968691 0.67259334518669 0.541111542275687 0.703543110826851 0.492848753608553 0.56287896032945 0.601035165440034
"daß" 0.421380148770889 0.488293336033573 0.79191698525396 0.661313179026925 0.772931301704877 0.797832863292267 0.401424217617296 0.32508311784263 0.196697695035461 0.794060859870013 0.505379562943528 0.661118398239028 0.590793180237582 0.325187813764702 0.622101771274209 0.575625924991304 0.723600261429772 0.544577089154178 0.782563704566033 0.283110262511875 0.45552835801236 0.780166794280156 0.500714672537931
"ist" 0.532649234509901 0.560299726600736 0.788015916361083 0.699235564544565 0.567621424689519 0.924001781208253 0.176054601583998 0.551656199975373 0.479277482269504 0.508525276697577 1.07591258870556 0.668656806428754 1.45274708291477 0.346550516858733 0.283333479986273 0.254393921826726 0.19840652329526 0.438912877825756 0.258698745311085 0.325435717040228 0.265633403949376 0.334209382695611 1.11950567742966
"eine" 0.595495662566195 0.709938006998121 0.577358196145744 0.48500735162035 0.408606912099193 0.395205581119193 0.378739310970618 0.266798013380946 0.342143173758865 0.705680798411878 0.577576643364032 0.664133761514919 0.493849709520832 0.530507126835116 0.631780865311007 0.609044965660231 0.533752450904111 0.613665227330455 0.679084206441599 0.616070504801588 0.508215975324633 0.520456097510502 0.510480384236366
"so" 0.282293791597123 0.198017574059698 0.608566747288757 0.297391339059392 0.511261850606872 0.530651625352531 0.376273560248153 0.363666215162336 0.29366134751773 0.53028036874881 0.445508813326524 0.600057291902242 0.656124649633652 0.796354098671952 0.496273548795833 0.585174222325283 0.472285331922442 0.7000254000508 0.43547622127366 0.785372322915001 0.545536370920826 0.645655278024957 0.743969673026217
"als" 0.566648121819043 0.654808114220137 0.596863540610127 0.585468407991644 0.660212153539583 0.52694077482559 0.602629476570437 0.776587448179617 0.925310283687943 0.745111902754738 0.579337547764532 0.782486770093627 0.290830412150248 0.376220937822666 0.362526067560076 0.375111680977746 0.386698204226448 0.370840741681483 0.420385461130514 0.304743272604144 0.322711656037672 0.400430436852017 0.334697573664539
"hatte" 0.395623415960932 0.906830481205207 0.711945072949988 0.29206889898674 0.428735331414424 0.244916134778091 0.541478858653306 0.114928374994869 0.282579787234043 0.735594049982324 0.193699484055011 0.336966846080782 0.106778315572072 0.630199741273929 0.801604969774829 0.813651337102637 0.646571846503377 0.359664719329439 0.83430345362825 0.519192242214468 1.20522924601824 0.556670736502287 0.190875274105772
"noch" 0.501741155137953 0.448914841192156 0.569556058359991 0.335313724577032 0.392504176647008 0.532507050616001 0.493150144492992 0.490908344620942 0.37677304964539 0.48405079813994 0.445508813326524 0.483965805780451 0.458725263608967 0.658683345399305 0.469876019604565 0.552437202894498 0.437272416046808 0.493776987553975 0.500150907601431 0.633941252269115 0.563098910024917 0.543219584876767 0.511368176208951
"im" 0.647009128186108 0.572675824979467 0.368651010376843 0.496317536774734 0.263682293029528 0.28573549057444 0.495615895215457 0.527028691047901 0.65519725177305 0.38615288390939 0.250048424871014 0.434212311728255 0.506494510049104 0.454550849167448 0.451397749170678 0.544934969274943 0.431825962466154 0.40741681483363 0.441943689906437 0.491915838185084 0.509313634018638 0.511143761769758 0.453661697990927
"was" 0.335867795841833 0.412911645908574 0.374502613716158 0.395856480403441 0.485094905497071 0.647543416951165 0.226355916322283 0.370233550876329 0.357380319148936 0.360318712098551 0.500096849742028 0.471150511857916 0.515626865986189 0.606463404502783 0.53147025438419 0.509469864891593 0.459058230369425 0.615697231394463 0.457034450049584 0.573745050273234 0.493946412302559 0.526664321337665 0.423476770923037
"aus" 0.536770311759494 0.497294134854468 0.341343528126707 0.429787035866593 0.358285863811115 0.376651328484489 0.413259821085128 0.53605877765464 0.394780585106383 0.390231963668996 0.290549226082516 0.339982209356672 0.446782951998932 0.421319977687843 0.502432972273795 0.473322739270101 0.406927888954592 0.413512827025654 0.463501918682361 0.434541333157761 0.49614172969057 0.432506259959026 0.478519873223306
"aber" 0.576950814943026 0.554674227337676 0.503237887181088 0.443758441057303 0.479056379702502 0.690218198010984 0.376273560248153 0.275007183023437 0.260416666666667 0.558833927066054 0.489531423339027 0.41008940552113 0.309095124024419 0.420133160849286 0.532350172023899 0.466502526888687 0.270766549438237 0.368808737617475 0.327685077394041 0.44112529275106 0.500532364466593 0.256606584856073 0.324931861966104
"da" 0.176176052420103 0.102384086587685 0.245767340251229 0.226203703087681 0.314003341317606 0.62156746326258 0.381698211837576 0.176497147313549 0.166223404255319 0.125091779294591 0.466639666132526 0.497534940521959 0.538106511369783 0.751255058806774 0.340528126567353 0.418761040218792 0.348573029161869 0.704089408178816 0.409606346742552 0.700721413858294 0.451137723236337 0.53597665707841 0.708457994122817
"dann" 0.352352104840205 0.285775362563428 0.470078801591636 0.182958877497389 0.247579557577343 0.28573549057444 0.25545177484737 0.197020071419776 0.127437943262411 0.269219264134011 0.295831939284016 0.248013629442007 0.528974155432698 0.544748928897803 0.444358408053006 0.594040498421121 0.412374342535246 0.850393700787402 0.474281033070323 0.413848888721677 0.482969825362502 0.696355772613455 0.55043102300269
"wenn" 0.30186890853269 0.309402459468278 0.417414371537801 0.32466884443173 0.344195970290453 0.500964821137005 0.317588693053487 0.189631818741534 0.385084219858156 0.489489571152748 0.477205092535526 0.37315120539147 0.396203749885846 0.436748596589088 0.224378998125775 0.297361259829631 0.273100743829946 0.565913131826264 0.250075453800716 0.341425333195384 0.289781895217501 0.3528340541771 0.443008194319907
"hat" 0.365745605901383 0.340905255341412 0.505188421627526 0.477023691511373 0.483082063565548 0.760724358022859 0.0892601761532316 0.262693428559701 0.392010195035461 0.203953987980312 0.660339150187536 0.625687879747313 0.929392838827968 0.134110302756976 0.165424516265278 0.13094807772314 0.122934237963338 0.319024638049276 0.161686715819428 0.0780669494634073 0.108668210706563 0.184177306872504 0.82298315858628
"nach" 0.410047186334508 0.39265984856156 0.358898338144652 0.295395424032148 0.255630925303436 0.224506456879917 0.404383118484254 0.458892583015228 0.556848404255319 0.265140184374405 0.235961189667013 0.331689960347973 0.284508011886113 0.296704209639326 0.275414221228893 0.355333065071646 0.313560113286234 0.321056642113284 0.319061785883672 0.325435717040228 0.3281999495077 0.369389317716201 0.357780164951749
"wir" 0.185448476231687 0.214894071848877 0.715846141842865 0.139714051907097 0.557557215031904 0.833085943298204 0.304273639152176 0.744571686573903 0.497285017730496 0.369836564870965 0.457835144130025 0.298520964313176 0.0807862255972912 0.627826107596815 0.0519151407428265 0.0511515928606017 0.0676916373595593 0.691897383794768 0.0883887379812875 0.601021454302618 0.115254162870597 0.487345570432299 0.259235255994815
"für" 0.436834188456863 0.432038343402977 0.434969181555746 0.361925924940289 0.291862080070852 0.326554846370788 0.268766828748681 0.21097565981201 0.315824468085106 0.444619693797079 0.290549226082516 0.453812173021545 0.309095124024419 0.269407422352508 0.340528126567353 0.327370194307851 0.314338178083471 0.310896621793244 0.381580649333851 0.237022545358779 0.286488919135484 0.311445895329346 0.2601230479674
"einen" 0.338958603779028 0.366782551951486 0.405711164859171 0.216224127951459 0.229463980193635 0.226361882143387 0.368383157936265 0.138734966958092 0.206394060283688 0.324966687515297 0.274701086478015 0.268367331554269 0.347732014527471 0.36553958627565 0.385403926192508 0.370337532310756 0.336902057203324 0.3749047498095 0.379424826456258 0.377166828130438 0.3281999495077 0.316619415185316 0.337360949582294
"ja" 0.143207434423358 0.0630055917462675 0.204806116876024 0.226203703087681 0.28381071234476 0.330265696897729 0.0818629239858367 0.100151869638386 0.119126773049645 0.250183558589182 0.406768916515522 0.304551690864957 0.399716194477032 0.602902953987111 0.285093315265691 0.368973489834473 0.281659456599546 0.513081026162052 0.245763808045531 0.635822383581486 0.375399273349945 0.25867599279846 0.453661697990927
"mir" 0.0978755846778348 0.150763380249997 0.811422329718343 0.0592121458082458 1.17147400414645 0.411904408490426 0.667725295643512 0.274186266059188 0.253490691489362 1.00617300736954 0.612794731374034 0.238213698795362 0.0280995567294926 0.236176550872904 0.0316770350295212 0.0245527645730888 0.0233419439170894 0.50495300990602 0.00862329151036951 0.26053668676342 0.020855515186108 0.488380274403493 0.127842044052238
"ihr" 0.392532608023737 0.380283750182829 0.236014668019037 0.628047928572854 0.460940802318794 0.680941071693632 0.162739547682687 0.32508311784263 0.271498226950355 0.361678405351753 0.350419975699519 0.400289474874486 0.193886941433499 0.164967540559465 0.135507316515174 0.151408714867381 0.175064579378171 0.143256286512573 0.219893933514422 0.186231999924755 0.329297608201706 0.19659375452683 0.205079945667131
"doch" 0.171024705858111 0.151888480102609 0.30233283919794 0.232191448169413 0.263682293029528 0.322843995843847 0.238684669934608 0.41292123301728 0.211934840425532 0.261061104614799 0.345137262498019 0.361089752287907 0.218474053571805 0.415385893495057 0.283333479986273 0.232569242206202 0.264542031060347 0.422656845313691 0.228517225024792 0.32919797966497 0.338078877753751 0.23694720940339 0.242367208515701
"oder" 0.171024705858111 0.157513979365669 0.181399703518764 0.233522058187576 0.189207141563173 0.28573549057444 0.28010928207202 0.288141854451422 0.317209663120567 0.322247301008892 0.287027417281516 0.391997225865786 0.226201431672415 0.318066912733358 0.181263033780038 0.255757964303008 0.234975568765367 0.473456946913894 0.241452162290346 0.258655555451048 0.143793288914745 0.280404776193531 0.296522518843385
"des" 0.457439574704828 0.364532352246262 0.124834204572053 0.42379929078486 0.303939131659991 0.176265400029687 0.444821430332679 0.358740713376842 0.265957446808511 0.140048405079814 0.0845234112240047 0.318120825606465 0.177729696314041 0.143604837465434 0.212940068809559 0.255757964303008 0.267654290249292 0.134112268224536 0.206958996248868 0.151431070645886 0.169039438876876 0.202801978353993 0.157139179147542
"ihm" 0.237992211163998 0.219394471259324 0.341343528126707 0.166991557279435 0.25160524144039 0.209663054772154 0.196766907652704 0.128883963387103 0.155141843971631 0.229788159791151 0.308158270087517 0.284951829571668 0.229713876263602 0.170901624752252 0.603623500840321 0.385341999549866 0.448943388005353 0.208280416560833 0.338464191782003 0.147668808021144 0.319418679955655 0.146927963909525 0.232601496817266
"immer" 0.241083019101193 0.219394471259324 0.284778029179995 0.203583332778912 0.231476822125159 0.272747513730147 0.261862726725779 0.324262200878381 0.217475620567376 0.290974356185245 0.309919174488017 0.171875706725768 0.241656187873636 0.397583640916697 0.185662621978583 0.228477114777354 0.155612959447263 0.337312674625349 0.161686715819428 0.407264929128378 0.276609990889433 0.234877801461002 0.29918589476114
"schon" 0.134965279924172 0.120385684229475 0.323788718108762 0.172979302361167 0.114731990096818 0.332121122161199 0.237205219501129 0.183885399991791 0.274268617021277 0.255622331601991 0.200743101657011 0.267613490735296 0.280293078376689 0.21600066461743 0.342287961846771 0.308955620878034 0.25753944788522 0.280416560833122 0.284568619842194 0.286872525136617 0.334785901671734 0.255571880884879 0.268113175720665
"sagte" 0.166903628608518 0.348780954309695 0.339392993680268 0.192273147624528 0.334131760632838 0.222651031616446 0.102575230054542 0.187169067848787 0.145445478723404 1.08367552280206 0.0651534628185036 0.0723687186213759 0.00772737810061046 0.420133160849286 0.284213397625982 0.195058074108428 0.281659456599546 0.308864617729235 0.209114819126461 0.556814868461893 0.375399273349945 0.240051321316971 0.0594820621631939
"vor" 0.242113288413591 0.219394471259324 0.237965202465476 0.312693354268264 0.305951973591514 0.300578892682203 0.301807888429711 0.239707753560727 0.285350177304965 0.305930981970467 0.221873954463012 0.171121865906795 0.179837163068753 0.178022525783596 0.273654385949475 0.260532112969998 0.262985901465874 0.198120396240792 0.278101151209417 0.203162181736096 0.205262175779063 0.23177368954742 0.195314233968696
"nur" 0.268900290535946 0.22839527008022 0.370601544823282 0.206244552815238 0.295887763933898 0.33397654742467 0.292438035684344 0.436727824980503 0.436336436170213 0.41878552198624 0.422617056120023 0.456827536297435 0.15946498443987 0.162593906882351 0.133747481235756 0.122081801627303 0.122934237963338 0.188976377952756 0.097012029491657 0.181529171643827 0.154769875854802 0.14278914802475 0.158914763092712
"sein" 0.258597597411963 0.249772167279846 0.329640321448077 0.294064814013985 0.326080392906745 0.417470684280837 0.22241071516634 0.340680540163362 0.344913563829787 0.261061104614799 0.260613851274014 0.190721727200084 0.186862052251126 0.163780723720908 0.21206015116985 0.227113072301071 0.259095577479693 0.193040386080772 0.187556590350537 0.195637656486611 0.21623876271912 0.141754444053556 0.227274744981756
"einem" 0.23078032597721 0.284650262710816 0.282827494733557 0.274770968750624 0.195245667357742 0.209663054772154 0.206136760398071 0.103435537495382 0.146830673758865 0.20939276099312 0.149676874042508 0.291736396942422 0.222688987081229 0.188703877330612 0.307971173898123 0.257122006779291 0.252092994304566 0.266192532385065 0.30828267149571 0.204102747392282 0.201969199697046 0.318688823127703 0.252132920214135
"mal" 0.114359893676207 0.0810071893880582 0.107279394554108 0.0898161762259908 0.0422696805619855 0.0872049873831082 0.0394520115594394 0.0812707794606576 0.113585992907801 0.0475892638620727 0.137350543239008 0.15830657198426 0.335087213999199 0.44505631445899 0.308851091537832 0.381249872121018 0.268432355046528 0.475488950977902 0.27163368257664 0.55305260583715 0.321613997343666 0.438714483786189 0.363994708759843
"wieder" 0.287445138159115 0.191266974944026 0.294530701412187 0.150358932052399 0.197258509289266 0.23749443372421 0.193808006785746 0.231498583918237 0.128823138297872 0.214831534005928 0.17961224885101 0.20655238439851 0.281698056213163 0.351297784212962 0.293012574023071 0.231887220968061 0.210855560051041 0.298704597409195 0.211270642004053 0.268061212012905 0.276609990889433 0.242120729259359 0.226386953009171
"über" 0.2369619418516 0.231770569638055 0.230163064679722 0.281424018841438 0.28381071234476 0.295012616891792 0.223890165599819 0.214259327669006 0.358765514184397 0.282816196666032 0.258852946873514 0.245752106985089 0.160869962276345 0.173275258429367 0.260455621353841 0.21620073249081 0.243534281534966 0.187960375920752 0.295347734230156 0.19375652517424 0.206359834473069 0.23694720940339 0.187324106215432
"um" 0.231810595289609 0.289150662121263 0.245767340251229 0.286081153905008 0.293874922002375 0.228217307406858 0.227342216611269 0.215080244633255 0.202238475177305 0.278737116906426 0.243004807269013 0.251028992717898 0.158060006603396 0.135297119595533 0.230538421603738 0.217564774967092 0.276213003018891 0.194056388112776 0.27163368257664 0.142965979740216 0.251363840927302 0.194524346584442 0.189099690160602
"mich" 0.0916939688034452 0.142887681281714 0.62807209175314 0.0345958604722335 1.15537126869427 0.270892088466677 0.577478819201294 0.126421212494356 0.200853280141844 0.738313436488728 0.491292327739527 0.165091139355014 0.0168597340376956 0.225495199325888 0.0387163761471926 0.0136404247628271 0.0178954903364352 0.37998475996952 0.00646746863277713 0.18717256558094 0.0296367847381535 0.342487014465161 0.0781256935874786
"ihn" 0.196781438668068 0.244146668016786 0.333541390340953 0.143040576952504 0.199271351220789 0.256048686358913 0.215506613143438 0.137914049993843 0.213320035460993 0.28145650341283 0.486009614538027 0.232936813062554 0.166489873622244 0.141231203788319 0.395962937869015 0.237343390873192 0.307335594908344 0.15240030480061 0.245763808045531 0.144847111052587 0.244777888763268 0.109678620946547 0.203304361721961
"bei" 0.288475407471513 0.306027159910442 0.243816805804791 0.215558822942378 0.209335560878404 0.109470090544753 0.210081961554015 0.141197717850839 0.311668882978723 0.228428466537949 0.325767314092518 0.322643870520301 0.201614319534109 0.250418352935591 0.134627398875465 0.214836690014527 0.180511032958825 0.200152400304801 0.159530892941836 0.221973494859809 0.156965193242813 0.254537176913685 0.168680474791147
"du" 0.327625641342647 0.443289341929096 0.380354217055473 0.736492645053125 0.328093234838268 0.270892088466677 0.1055341309215 0.111644707137873 0.0997340425531915 0.339923313300519 0.802972406628044 0.0610611063367859 0.105373337735597 0.255165620289821 0.0510352231031175 0.0606998901945807 0.0497961470231241 0.244856489712979 0.0431164575518475 0.317911191790743 0.129523725892671 0.104505101090578 0.111861788545708
"am" 0.273021367785539 0.276774563742532 0.300382304751502 0.282089323850519 0.12882188361748 0.230072732670328 0.188876505340816 0.125600295530107 0.296431737588652 0.161803497131047 0.123263308035007 0.153783527070424 0.237441254364212 0.233802917195789 0.22085932756694 0.235297327158768 0.185179421742243 0.179832359664719 0.191868236105722 0.237022545358779 0.248070864845285 0.207975498209962 0.240591624570531
"einer" 0.20708413179205 0.255397666542906 0.185300772411641 0.250154683414611 0.201284193152312 0.200385928454802 0.182465553462407 0.10507737142388 0.150986258865248 0.21619122725913 0.204264910458011 0.286459511209613 0.186159563332888 0.258726070805493 0.239337598000827 0.217564774967092 0.186735551336715 0.218440436880874 0.2263614021472 0.20222161607991 0.186601977980967 0.232808393518614 0.200640985804206
"habe" 0.143207434423358 0.284650262710816 0.464227198252321 0.0758447710352811 0.477043537770979 0.148434021077631 0.0710136208069909 0.0944054508886426 0.137134308510638 0.193076441954695 0.503618658543028 0.317366984787492 0.0154547562012209 0.405891358786598 0.309731009177541 0.212790626300103 0.231863309576422 0.307848615697231 0.185400767472944 0.473104525061372 0.139402654138722 0.171760859218178 0.0381750548211543
"zum" 0.253446250849972 0.225019970522384 0.169696496840134 0.224873093069518 0.161027354521849 0.19296422740092 0.236218919212143 0.261872511595452 0.263187056737589 0.190357055448291 0.17432953564951 0.170368025087822 0.169299829295193 0.189890694169169 0.155745422228479 0.218246796205234 0.143163922691482 0.229616459232918 0.129349372655543 0.240784807983521 0.149281582384773 0.22349605777787 0.203304361721961
"hier" 0.0783004677422678 0.176640676860071 0.120933135679176 0.080501906098851 0.102654938507679 0.100192964227401 0.065095819073075 0.120674793744613 0.0651041666666667 0.0652652761536997 0.227156667664513 0.168860343449877 0.246573610301297 0.22905564984156 0.373085079236583 0.324642109355285 0.284771715788491 0.220472440944882 0.411762169620144 0.218211232235066 0.366618003797899 0.254537176913685 0.187324106215432
"sei" 0.116420432301003 0.132761782608206 0.300382304751502 0.0958039213077235 0.197258509289266 0.0890604126465786 0.0532602156052432 0.0927636169601445 0.0637189716312057 0.0843009816985288 0.0387398968110021 0.171121865906795 0.0449592907671881 0.410638626140828 0.322929773773175 0.244163603254605 0.315894307677943 0.336296672593345 0.267322036821455 0.628297858332001 0.189894954062984 0.340417606522774 0.0301849270678895
"wurde" 0.214296016978838 0.227270170227608 0.0877740500897246 0.138383441888934 0.134860409412049 0.0779278610657563 0.17309570071704 0.205229241062267 0.249335106382979 0.191716748701493 0.0898061244255049 0.24876747026098 0.0372319126665777 0.189890694169169 0.284213397625982 0.284402856304945 0.199962652889733 0.248920497840996 0.183244944595352 0.177766909019084 0.172332414958893 0.390083397140078 0.0861158213407434
"nun" 0.125692856112588 0.0731314904197748 0.142389014589998 0.164995642252191 0.104667780439202 0.222651031616446 0.067068419651047 0.157616057135821 0.0374002659574468 0.0244744785576374 0.147915969642008 0.391243385046813 0.326657346980351 0.220747931971659 0.203260974772761 0.242799560778323 0.232641374373658 0.214376428752858 0.191868236105722 0.246428201920635 0.222824714883154 0.227634873662645 0.193538650023526
"wird" 0.333807257217037 0.186766575533579 0.120933135679176 0.212897602906052 0.12882188361748 0.330265696897729 0.0759451222519208 0.247916923203218 0.218860815602837 0.11149484676257 0.232439380866013 0.168106502630904 0.557776201080428 0.0771430945062248 0.0422360467060283 0.0566077627657325 0.0427935638479973 0.106680213360427 0.051739749062217 0.0696018585577366 0.0439063477602274 0.0900192454938642 0.56286011061888
"ob" 0.0659372359934887 0.110259785555968 0.179449169072326 0.107779411471189 0.112719148165295 0.100192964227401 0.0478355640158203 0.036941263391208 0.0748005319148936 0.110135153509368 0.0739579848210041 0.0866916941818566 0.220581520326517 0.305011927509228 0.288612985824527 0.246891688207171 0.264542031060347 0.244856489712979 0.306126848618118 0.344247030163941 0.259047451785342 0.308341783415765 0.240591624570531
"seine" 0.215326286291237 0.2171442715541 0.179449169072326 0.144371186970667 0.142911777138141 0.115036366335164 0.196766907652704 0.116570208923367 0.218860815602837 0.145487178092622 0.213069432460512 0.176398751639604 0.174919740641091 0.117494867017173 0.262215456633259 0.218928817443375 0.229529115184713 0.143256286512573 0.187556590350537 0.103462222180419 0.196480906227018 0.084845725637895 0.147373467449107
"alles" 0.103026931239826 0.104634286292908 0.198954513536709 0.125077341707306 0.12882188361748 0.217084755826035 0.0823560741303297 0.177318064277798 0.144060283687943 0.146846871345824 0.17961224885101 0.111568441207955 0.136282850138039 0.286022858092311 0.21206015116985 0.206652435156831 0.167283931405807 0.258064516129032 0.163842538697021 0.276526302918575 0.3281999495077 0.151066779794301 0.174895018599242
"haben" 0.168964167233315 0.196892474207086 0.185300772411641 0.223542483051355 0.263682293029528 0.28573549057444 0.133150539013108 0.23724500266798 0.217475620567376 0.172681043156664 0.410290725316523 0.251028992717898 0.171407296049905 0.132923485918418 0.101190528566526 0.0859346760058108 0.0754722853319224 0.234696469392939 0.0883887379812875 0.0902943029938205 0.102082258542529 0.0879498375514765 0.226386953009171
"werden" 0.211205209041643 0.165389678333952 0.0702192400717797 0.182293572488307 0.130834725549003 0.217084755826035 0.11046563236643 0.327545868735377 0.235483156028369 0.107415767002964 0.202504006057511 0.277413421381941 0.245168632464823 0.0937585302460271 0.110869622603324 0.155500842296229 0.106594877221375 0.122936245872492 0.129349372655543 0.0978188282433055 0.140500312832728 0.132442108312812 0.199753193831621
"mehr" 0.212235478354042 0.207018372880593 0.236014668019037 0.176971132415656 0.247579557577343 0.248626985305032 0.210081961554015 0.274186266059188 0.171764184397163 0.210752454246322 0.241243902868513 0.216352315045155 0.116613160427394 0.131736669079861 0.100310610926817 0.106395313150051 0.094145840465594 0.117856235712471 0.103479498124434 0.161777292863928 0.0998869411545174 0.0941580613786396 0.139383339695842
"frau" 0.26065813603676 0.205893273027981 0.117032066786299 0.14570179698883 0.207322718946881 0.0927712631735194 0.0710136208069909 0.0270902598202192 0.0955784574468085 0.157724417371441 0.169046822448009 0.19222940883803 0.233226320854789 0.166154357398023 0.17158393974324 0.156864884772512 0.147054246677663 0.122936245872492 0.34493166041478 0.153312201958258 0.267828721337387 0.130372700370424 0.151812427312032
"sind" 0.123632317487791 0.162014378776116 0.163844893500819 0.159007897170458 0.146937461001188 0.18925337687398 0.06756156979554 0.379263637483069 0.217475620567376 0.161803497131047 0.290549226082516 0.179414114915494 0.318227479961504 0.0878244460532406 0.0615942347796246 0.0722942512429837 0.0684697021567956 0.147320294640589 0.0797654464709179 0.0724235555262935 0.0515899586182672 0.0993315812346088 0.319605110130594
"hätte" 0.0834518143042591 0.11701038467164 0.210657720215339 0.105118191434863 0.161027354521849 0.14472317055069 0.152876544792828 0.0845544473176538 0.0678745567375887 0.231147853044353 0.19017767525401 0.199767817027756 0.0793812477608166 0.186330243653497 0.255176115515588 0.173233394487904 0.173508449783698 0.19507239014478 0.211270642004053 0.157074464583 0.211848127943097 0.176934379074147 0.055043102300269
"uns" 0.0927242381158435 0.0596302921884317 0.249668409144105 0.0658651958990599 0.382439966989392 0.445302063232893 0.180986103028928 0.422772236588269 0.1953125 0.16996165665026 0.195460388455511 0.131168302501244 0.0288020456477299 0.244484268742805 0.0211180233530142 0.021142658382382 0.024898073511562 0.313944627889256 0.0301815202862933 0.253012161513934 0.038418054290199 0.197628458498024 0.0914425731762533
"durch" 0.126723125424986 0.118135484524252 0.0468128267145198 0.228864923124006 0.175117248042511 0.116891791598634 0.132164238724122 0.123958461601609 0.137134308510638 0.0775025154325184 0.0792406980225044 0.18393715982933 0.126448005282717 0.130549852241304 0.13902698707401 0.167777224582773 0.164949737014099 0.139192278384557 0.174621653084983 0.130738626209803 0.141597971526733 0.144858555967138 0.150036843366862
"waren" 0.0865426222414539 0.165389678333952 0.161894359054381 0.0991304463531306 0.138886093275095 0.107614665281282 0.111945082799909 0.147765053564832 0.0914228723404255 0.126451472547793 0.110936977231506 0.168860343449877 0.0337194680753911 0.16734117423658 0.200621221853635 0.198468180299135 0.185179421742243 0.160528321056642 0.224205579269607 0.139203717115473 0.230508325741194 0.188316122757279 0.0994327009295182
"denn" 0.0783004677422678 0.0607553920410436 0.115081532339861 0.118424291616492 0.152975986795757 0.28944634110138 0.181479253173421 0.1321676312441 0.135749113475177 0.107415767002964 0.0739579848210041 0.0979993064664465 0.153845073093972 0.16734117423658 0.150465916390226 0.170505309535339 0.11826584917992 0.151384302768606 0.116414435389988 0.182469737300012 0.194285588839006 0.0972621732922211 0.183772938325092
"alle" 0.130844202674579 0.113635085113804 0.132636342357806 0.139048746898015 0.146937461001188 0.176265400029687 0.116876584244839 0.265156179452448 0.11220079787234 0.088380061458135 0.135589638838507 0.134937506596107 0.139092805810988 0.206506129908971 0.124948304838667 0.118671695436596 0.0995922940462482 0.170688341376683 0.0905445608588798 0.17870747467527 0.0987892824605117 0.108643916975353 0.144710091531352
"kann" 0.156600935484536 0.112509985261192 0.154092221268628 0.194934367660854 0.221412612467543 0.385928454801841 0.0591780173391591 0.0804498624964085 0.0969636524822695 0.127811165800995 0.264135660075015 0.131922143320217 0.359674326137505 0.0996926144388137 0.0695134935370049 0.0934369096253657 0.0552426006037783 0.116840233680467 0.0776096235933256 0.0667801615891797 0.0570782520882957 0.0920886534362519 0.255684088104475
"ganz" 0.0370896952463374 0.0180015976417907 0.210657720215339 0.0758447710352811 0.108693464302248 0.0964821137004601 0.0798903234078648 0.0558223535689365 0.0540226063829787 0.145487178092622 0.0880452200250048 0.15001432297556 0.190374496842312 0.113934416501501 0.192701963096254 0.19096594667958 0.157947153838972 0.259080518161036 0.12719354977795 0.164598989832485 0.187699636674972 0.206940794238768 0.197977609886451
"jetzt" 0.120541509550597 0.120385684229475 0.175548100179449 0.118424291616492 0.199271351220789 0.222651031616446 0.0705204706624979 0.118212042851866 0.180075354609929 0.115573926522177 0.147915969642008 0.0557842206039773 0.164382406867532 0.181582976299268 0.129347893037212 0.158228927248795 0.145498117083191 0.140208280416561 0.122881904022765 0.158015030239186 0.188797295368978 0.110713324917741 0.112749580518293
"nichts" 0.125692856112588 0.138387281871266 0.179449169072326 0.137052831870771 0.146937461001188 0.280169214784029 0.0981368787541055 0.135451299101096 0.101119237588652 0.191716748701493 0.198982197256511 0.131922143320217 0.0906210704526136 0.125802584887074 0.156625339868188 0.123445844103585 0.091811646073885 0.145288290576581 0.0754538007157332 0.108165050461347 0.16025816932483 0.101400989176996 0.0994327009295182
"würde" 0.0638766973686922 0.0967585873246251 0.157993290161504 0.0878202611987466 0.150963144864234 0.137301469496809 0.0133150539013108 0.0114928374994869 0.00692597517730496 0.318168221249286 0.121502403634507 0.0768917635352119 0.0554966245407479 0.134110302756976 0.2366978450817 0.233251263444344 0.276991067816128 0.116840233680467 0.224205579269607 0.144847111052587 0.250266182233296 0.136580924197587 0.0452773906018342
"ihre" 0.177206321732501 0.232895669490667 0.0546149645002731 0.282754628859601 0.255630925303436 0.272747513730147 0.103561530343528 0.181422649099044 0.149601063829787 0.125091779294591 0.167285918047509 0.196752453751866 0.0786787588425793 0.042725406188063 0.0651139053384603 0.0634279751471461 0.0754722853319224 0.0579121158242316 0.105635321002026 0.043266020184539 0.105375234624546 0.0662210541564058 0.0727989417519687
"gewesen" 0.0597556201190991 0.0956334874720131 0.0877740500897246 0.0971345313258864 0.104667780439202 0.0946266884369898 0.0414246121374114 0.104256454459631 0.0706449468085106 0.123732086041389 0.0510662276145028 0.126645257587408 0.0505792021130867 0.232616100357232 0.180383116140329 0.174597436964187 0.125268432355047 0.183896367792736 0.183244944595352 0.181529171643827 0.17562539104091 0.182107898930116 0.0674721899164588
"unter" 0.127753394737384 0.104634286292908 0.0936256534290396 0.149028322034237 0.142911777138141 0.120602642125575 0.17802720216197 0.114928374994869 0.12605274822695 0.0720637424197101 0.0334571836095018 0.101014669742337 0.0941335150438002 0.0925717134074698 0.109989704963615 0.125491907818009 0.128380691543992 0.0924561849123698 0.114258612512396 0.119451838335575 0.121840115034631 0.120025660658486 0.117188540381218
"meine" 0.0649069666810904 0.0945083876194012 0.216509323554654 0.0259468953541751 0.293874922002375 0.0705061600118747 0.262355876870272 0.113286541066371 0.101119237588652 0.280096810159628 0.207786719259011 0.103276192199255 0.0189672007924075 0.275341506545295 0.011438929316216 0.0204606371442407 0.0217858143226168 0.133096266192532 0.017246583020739 0.374345131161881 0.0076836108580398 0.124164476543261 0.0426140146840792
"zur" 0.14835878098535 0.159764179070893 0.107279394554108 0.131065086789038 0.0905778869185403 0.090915837910049 0.137588890313545 0.16746706070681 0.162067819148936 0.100617300736954 0.072197080420504 0.114583804483845 0.0927285372073256 0.0771430945062248 0.101190528566526 0.136404247628271 0.110485201207557 0.106680213360427 0.0819212693485103 0.0931159999623774 0.109765869400569 0.10760921300416 0.0878914052859134
"einmal" 0.15969174342173 0.119260584376863 0.271124288054927 0.0971345313258864 0.163040196453373 0.204096778981743 0.102575230054542 0.0435085991052005 0.0429410460992908 0.252902945095586 0.149676874042508 0.152275845432478 0.122233071773293 0.0866376292146833 0.108229869684198 0.109805419340758 0.0894774516821761 0.106680213360427 0.0732979778381408 0.0978188282433055 0.115254162870597 0.0889845415226704 0.102096076847273
"diese" 0.0968453153654365 0.149638280397385 0.134586876804244 0.119754901634654 0.205309877015358 0.129879768442927 0.0586848671946661 0.113286541066371 0.0470966312056738 0.145487178092622 0.103893359629506 0.16961418426885 0.137687827974514 0.1056266986316 0.100310610926817 0.0770683999099732 0.129936821138464 0.139192278384557 0.155219247186651 0.0658395959329941 0.118547138952614 0.151066779794301 0.129617627997408
"vom" 0.115390162988605 0.101258986735073 0.0741203089646563 0.1037875814167 0.0422696805619855 0.0760724358022859 0.160766947104716 0.183064483027542 0.177304964539007 0.0951785277241454 0.0493053232140027 0.0663379920695946 0.125745516364479 0.112747599662944 0.0959110227282726 0.111169461817041 0.123712302760574 0.0883921767843536 0.0797654464709179 0.103462222180419 0.11196118678858 0.130372700370424 0.113637372490878
